"TOA5","CR80049009","CR800","49009","CR800.Std.32.05","CPU:cond practice run.CR8","36611","Practice_cond"
"TIMESTAMP","RECORD","BattV","PTemp_C","Cond","CondNOT","Temp_C"
"TS","RN","Volts","Deg C","mS/cm","mS/cm","Deg C"
"","","Smp","Smp","Smp","Smp","Smp"
"2023-02-23 18:09:10",6248,12.53,22.08,0.135,0.1237025,20.81
"2023-02-23 18:09:12",6249,12.54,22.08,0.135,0.1237025,20.87
"2023-02-23 18:09:14",6250,12.54,22.08,0.135,0.1237025,20.78
"2023-02-23 18:09:16",6251,12.54,22.08,0.135,0.1237133,20.8
"2023-02-23 18:09:18",6252,12.54,22.08,0.135,0.123724,20.77
"2023-02-23 18:09:20",6253,12.54,22.08,0.135,0.123724,20.81
"2023-02-23 18:09:22",6254,12.53,22.08,0.135,0.123724,20.84
"2023-02-23 18:09:24",6255,12.54,22.08,0.135,0.123724,20.86
"2023-02-23 18:09:26",6256,12.53,22.08,0.135,0.1237347,20.81
"2023-02-23 18:09:28",6257,12.53,22.08,"NAN","NAN",20.84
"2023-02-23 18:09:30",6258,12.53,22.08,0.005,0.004916443,20.8
"2023-02-23 18:09:32",6259,12.53,22.08,"NAN","NAN",20.8
"2023-02-23 18:09:34",6260,12.53,22.08,"NAN","NAN",20.8
"2023-02-23 18:09:36",6261,12.53,22.08,"NAN","NAN",20.78
"2023-02-23 18:09:38",6262,12.53,22.08,"NAN","NAN",20.78
"2023-02-23 18:09:40",6263,12.53,22.08,0.134,0.1227921,20.81
"2023-02-23 18:09:42",6264,12.53,22.08,0.134,0.1230918,20.81
"2023-02-24 10:31:00",6265,12.58,16.09,0.162,0.07991943,-0.375
"2023-02-24 10:31:02",6266,12.58,16.02,0.162,0.07993952,-0.385
"2023-02-24 10:31:04",6267,12.58,16.02,0.162,0.07996979,-0.385
"2023-02-24 10:31:06",6268,12.58,15.97,0.162,0.08000998,-0.375
"2023-02-24 10:31:08",6269,12.58,15.95,0.162,0.07999994,-0.356
"2023-02-24 10:31:10",6270,12.58,15.92,0.162,0.07999994,-0.375
"2023-02-24 10:31:12",6271,12.57,15.9,0.162,0.08004024,-0.366
"2023-02-24 10:31:14",6272,12.57,15.87,0.162,0.08007049,-0.308
"2023-02-24 10:31:16",6273,12.57,15.82,0.162,0.08009061,-0.327
"2023-02-24 10:31:18",6274,12.57,15.77,0.162,0.08010066,-0.346
"2023-02-24 10:31:20",6275,12.57,15.75,0.162,0.08008055,-0.317
"2023-02-24 10:31:22",6276,12.57,15.73,0.162,0.08011072,-0.308
"2023-02-24 10:31:24",6277,12.57,15.7,0.162,0.08012086,-0.327
"2023-02-24 10:31:26",6278,12.56,15.68,0.162,0.08015104,-0.308
"2023-02-24 10:31:28",6279,12.57,15.65,0.162,0.08018129,-0.298
"2023-02-24 10:31:30",6280,12.57,15.63,0.162,0.08019134,-0.288
"2023-02-24 10:31:32",6281,12.57,15.6,0.162,0.08019134,-0.269
"2023-02-24 10:31:34",6282,12.56,15.55,0.162,0.08021146,-0.269
"2023-02-24 10:31:36",6283,12.57,15.53,0.162,0.08023166,-0.298
"2023-02-24 10:31:38",6284,12.58,15.51,0.162,0.08024172,-0.288
"2023-02-24 10:31:40",6285,12.58,15.48,0.162,0.08026191,-0.269
"2023-02-24 10:31:42",6286,12.58,15.46,0.162,0.0802921,-0.24
"2023-02-24 10:31:44",6287,12.58,15.43,0.162,0.0802921,-0.24
"2023-02-24 10:31:46",6288,12.58,15.36,0.162,0.08030215,-0.269
"2023-02-24 10:31:48",6289,12.58,15.31,0.162,0.08033242,-0.221
"2023-02-24 10:31:50",6290,12.58,15.29,0.162,0.08035253,-0.25
"2023-02-24 10:31:52",6291,12.58,15.29,0.162,0.08035253,-0.192
"2023-02-24 10:31:54",6292,12.58,15.26,0.162,0.08038279,-0.201
"2023-02-24 10:31:56",6293,12.58,15.24,0.162,0.08039285,-0.201
"2023-02-24 10:31:58",6294,12.58,15.21,0.162,0.08040292,-0.221
"2023-02-24 10:32:00",6295,12.58,15.19,0.162,0.08042312,-0.201
"2023-02-24 10:32:02",6296,12.58,15.14,0.162,0.08043318,-0.172
"2023-02-24 10:32:04",6297,12.58,15.12,0.162,0.08043318,-0.221
"2023-02-24 10:32:06",6298,12.58,15.09,0.162,0.08046346,-0.172
"2023-02-24 10:32:08",6299,12.58,15.07,0.162,0.0804735,-0.23
"2023-02-24 10:32:10",6300,12.58,15.04,0.162,0.0804735,-0.192
"2023-02-24 10:32:12",6301,12.58,15.02,0.162,0.08048357,-0.211
"2023-02-24 10:32:14",6302,12.58,15,0.162,0.08050369,-0.134
"2023-02-24 10:32:16",6303,12.58,14.97,0.162,0.08052392,-0.172
"2023-02-24 10:32:18",6304,12.58,14.95,0.162,0.08052392,-0.201
"2023-02-24 10:32:20",6305,12.58,14.92,0.162,0.08052392,-0.163
"2023-02-24 10:32:22",6306,12.58,14.9,0.162,0.08055409,-0.172
"2023-02-24 10:32:24",6307,12.58,14.88,0.162,0.08055409,-0.163
"2023-02-24 10:32:26",6308,12.58,14.85,0.162,0.08056425,-0.192
"2023-02-24 10:32:28",6309,12.58,14.83,0.162,0.08055409,-0.163
"2023-02-24 10:32:30",6310,12.58,14.8,0.162,0.08055409,-0.163
"2023-02-24 10:32:32",6311,12.58,14.8,0.162,0.08056425,-0.163
"2023-02-24 10:32:34",6312,12.58,14.75,0.162,0.08058445,-0.152
"2023-02-24 10:32:36",6313,12.58,14.75,0.162,0.08060466,-0.123
"2023-02-24 10:32:38",6314,12.58,14.71,0.162,0.08060466,-0.123
"2023-02-24 10:32:40",6315,12.58,14.68,0.162,0.08060466,-0.104
"2023-02-24 10:32:42",6316,12.58,14.66,0.162,0.0806248,-0.123
"2023-02-24 10:32:44",6317,12.58,14.64,0.162,0.0806248,-0.133
"2023-02-24 10:32:46",6318,12.58,14.61,0.162,0.08064501,-0.085
"2023-02-24 10:32:48",6319,12.58,14.59,0.162,0.08064501,-0.094
"2023-02-24 10:32:50",6320,12.57,14.59,0.162,0.08064501,-0.094
"2023-02-24 10:32:52",6321,12.57,14.56,0.162,0.08066513,-0.075
"2023-02-24 10:32:54",6322,12.57,14.54,0.162,0.08068527,-0.143
"2023-02-24 10:32:56",6323,12.57,14.52,0.162,0.08068527,-0.104
"2023-02-24 10:32:58",6324,12.57,14.49,0.162,0.08069541,-0.094
"2023-02-24 10:33:00",6325,12.57,14.49,0.162,0.08070548,-0.104
"2023-02-24 10:33:02",6326,12.57,14.47,0.162,0.08071554,-0.123
"2023-02-24 10:33:04",6327,12.56,14.44,0.162,0.08072561,-0.094
"2023-02-24 10:33:06",6328,12.56,14.42,0.162,0.08072561,-0.123
"2023-02-24 10:33:08",6329,12.56,14.4,0.162,0.08072561,-0.075
"2023-02-24 10:33:10",6330,12.56,14.4,0.162,0.08074582,-0.065
"2023-02-24 10:33:12",6331,12.56,14.37,0.162,0.08076596,-0.056
"2023-02-24 10:33:14",6332,12.56,14.35,0.162,0.08076596,-0.085
"2023-02-24 10:33:16",6333,12.56,14.32,0.162,0.08077601,-0.104
"2023-02-24 10:33:18",6334,12.56,14.3,0.162,0.08077601,-0.075
"2023-02-24 10:33:20",6335,12.56,14.23,0.162,0.08077601,-0.085
"2023-02-24 10:33:22",6336,12.56,14.21,0.162,0.08080631,-0.065
"2023-02-24 10:33:24",6337,12.56,14.21,0.162,0.08079624,-0.056
"2023-02-24 10:33:26",6338,12.56,14.16,0.162,0.08080631,-0.065
"2023-02-24 10:33:28",6339,12.56,14.16,0.162,0.08082644,-0.075
"2023-02-24 10:33:30",6340,12.56,14.13,0.162,0.0808365,-0.114
"2023-02-24 10:33:32",6341,12.56,14.11,0.162,0.0808365,-0.075
"2023-02-24 10:33:34",6342,12.56,14.09,0.162,0.08084666,-0.075
"2023-02-24 10:33:36",6343,12.56,14.06,0.162,0.08084666,-0.085
"2023-02-24 10:33:38",6344,12.56,14.04,0.162,0.08085672,-0.056
"2023-02-24 10:33:40",6345,12.56,14.01,0.162,0.08085672,-0.036
"2023-02-24 10:33:42",6346,12.56,13.99,0.162,0.08087686,-0.027
"2023-02-24 10:33:44",6347,12.56,13.97,0.162,0.08088692,-0.027
"2023-02-24 10:33:46",6348,12.56,13.94,0.162,0.08088692,-0.046
"2023-02-24 10:33:48",6349,12.56,13.92,0.162,0.08088692,-0.065
"2023-02-24 10:33:50",6350,12.56,13.9,0.162,0.08090714,-0.065
"2023-02-24 10:33:52",6351,12.56,13.87,0.162,0.08091722,-0.065
"2023-02-24 10:33:54",6352,12.56,13.85,0.162,0.08091722,-0.056
"2023-02-24 10:33:56",6353,12.56,13.82,0.162,0.08091722,-0.046
"2023-02-24 10:33:58",6354,12.56,13.82,0.162,0.08093735,-0.027
"2023-02-24 10:34:00",6355,12.56,13.78,0.162,0.08093735,-0.017
"2023-02-24 10:34:02",6356,12.55,13.78,0.162,0.08095756,-0.046
"2023-02-24 10:34:04",6357,12.55,13.75,0.162,0.08095756,-0.065
"2023-02-24 10:34:06",6358,12.55,13.73,0.162,0.08095767,-0.055
"2023-02-24 10:34:08",6359,12.55,13.71,0.162,0.08095767,-0.046
"2023-02-24 10:34:10",6360,12.55,13.68,0.162,0.08097779,-0.075
"2023-02-24 10:34:12",6361,12.55,13.66,0.162,0.08098795,-0.046
"2023-02-24 10:34:14",6362,12.55,13.64,0.162,0.08100808,-0.046
"2023-02-24 10:34:16",6363,12.55,13.64,0.162,0.08102822,-0.036
"2023-02-24 10:34:18",6364,12.55,13.61,0.162,0.08103838,-0.065
"2023-02-24 10:34:20",6365,12.55,13.59,0.162,0.08102822,-0.055
"2023-02-24 10:34:22",6366,12.55,13.56,0.162,0.08103838,-0.017
"2023-02-24 10:34:24",6367,12.55,13.54,0.162,0.08104845,-0.036
"2023-02-24 10:34:26",6368,12.55,13.54,0.162,0.08105852,-0.007
"2023-02-24 10:34:28",6369,12.55,13.52,0.163,0.08105852,-0.075
"2023-02-24 10:34:30",6370,12.55,13.49,0.162,0.08105852,-0.017
"2023-02-24 10:34:32",6371,12.55,13.49,0.162,0.08106858,-0.026
"2023-02-24 10:34:34",6372,12.55,13.47,0.162,0.08106858,0.003
"2023-02-24 10:34:36",6373,12.55,13.45,0.162,0.08107866,-0.026
"2023-02-24 10:34:38",6374,12.55,13.45,0.163,0.08107866,-0.055
"2023-02-24 10:34:40",6375,12.55,13.42,0.162,0.08108881,-0.017
"2023-02-24 10:34:42",6376,12.55,13.4,0.162,0.08108881,-0.046
"2023-02-24 10:34:44",6377,12.55,13.4,0.162,0.08110896,-0.026
"2023-02-24 10:34:46",6378,12.55,13.35,0.162,0.08110896,-0.017
"2023-02-24 10:34:48",6379,12.55,13.35,0.162,0.08111902,0.003
"2023-02-24 10:34:50",6380,12.55,13.33,0.163,0.08111902,-0.046
"2023-02-24 10:34:52",6381,12.55,13.33,0.163,0.08111902,-0.046
"2023-02-24 10:34:54",6382,12.55,13.3,0.162,0.0811291,-0.007
"2023-02-24 10:34:56",6383,12.55,13.3,0.163,0.0811291,-0.055
"2023-02-24 10:34:58",6384,12.55,13.28,0.162,0.08113925,-0.017
"2023-02-24 10:35:00",6385,12.55,13.28,0.163,0.08114932,-0.046
"2023-02-24 10:35:02",6386,12.55,13.26,0.163,0.08114932,-0.055
"2023-02-24 10:35:04",6387,12.55,13.26,0.163,0.08114932,-0.036
"2023-02-24 10:35:06",6388,12.55,13.23,0.163,0.08116946,-0.036
"2023-02-24 10:35:08",6389,12.55,13.21,0.162,0.08116946,0.003
"2023-02-24 10:35:10",6390,12.55,13.21,0.163,0.08118969,-0.026
"2023-02-24 10:35:12",6391,12.55,13.19,0.163,0.08118969,-0.065
"2023-02-24 10:35:14",6392,12.55,13.19,0.162,0.08118969,-0.007
"2023-02-24 10:35:16",6393,12.55,13.16,0.162,0.08118969,0.003
"2023-02-24 10:35:18",6394,12.55,13.14,0.163,0.08119977,-0.017
"2023-02-24 10:35:20",6395,12.55,13.14,0.162,0.08120985,0.003
"2023-02-24 10:35:22",6396,12.55,13.12,0.163,0.08121991,-0.026
"2023-02-24 10:35:24",6397,12.55,13.09,0.162,0.08121991,-0.007
"2023-02-24 10:35:26",6398,12.55,13.09,0.163,0.08122998,-0.036
"2023-02-24 10:35:28",6399,12.55,13.07,0.163,0.08122998,-0.007
"2023-02-24 10:35:30",6400,12.55,13.05,0.163,0.08124013,-0.026
"2023-02-24 10:35:32",6401,12.55,13.05,0.163,0.08125022,-0.046
"2023-02-24 10:35:34",6402,12.55,13.05,0.163,0.08126029,-0.046
"2023-02-24 10:35:36",6403,12.55,13.02,0.163,0.08126029,-0.007
"2023-02-24 10:35:38",6404,12.55,13,0.163,0.08127046,-0.045
"2023-02-24 10:35:40",6405,12.55,13,0.163,0.08126037,-0.036
"2023-02-24 10:35:42",6406,12.55,12.98,0.163,0.08127046,0.003
"2023-02-24 10:35:44",6407,12.55,12.95,0.162,0.08128052,0.022
"2023-02-24 10:35:46",6408,12.55,12.95,0.163,0.08128052,-0.007
"2023-02-24 10:35:48",6409,12.55,12.95,0.163,0.08128052,-0.026
"2023-02-24 10:35:50",6410,12.55,12.93,0.163,0.08128052,-0.036
"2023-02-24 10:35:52",6411,12.55,12.91,0.163,0.08129068,-0.026
"2023-02-24 10:35:54",6412,12.54,12.91,0.163,0.08129068,-0.007
"2023-02-24 10:35:56",6413,12.55,12.91,0.163,0.08129068,-0.016
"2023-02-24 10:35:58",6414,12.55,12.88,0.163,0.08131082,-0.016
"2023-02-24 10:36:00",6415,12.54,12.86,0.163,0.0813209,-0.055
"2023-02-24 10:36:02",6416,12.54,12.86,0.163,0.08136129,-0.036
"2023-02-24 10:36:04",6417,12.55,12.84,0.163,0.08149252,-0.007
"2023-02-24 10:36:06",6418,12.54,12.81,0.163,0.08176505,0.013
"2023-02-24 10:36:08",6419,12.54,12.81,0.166,0.08301826,0.022
"2023-02-24 10:36:10",6420,12.55,12.79,0.168,0.08405086,-0.045
"2023-02-24 10:36:12",6421,12.54,12.77,0.171,0.08546046,-0.045
"2023-02-24 10:36:14",6422,12.54,12.77,0.177,0.08823732,-0.045
"2023-02-24 10:36:16",6423,12.54,12.74,0.183,0.09127095,-0.016
"2023-02-24 10:36:18",6424,12.54,12.74,0.184,0.09192641,0.042
"2023-02-24 10:36:20",6425,12.54,12.72,0.188,0.09423557,0.022
"2023-02-24 10:36:22",6426,12.54,12.72,0.194,0.09685159,0.022
"2023-02-24 10:36:24",6427,12.54,12.7,0.199,0.09933251,-0.026
"2023-02-24 10:36:26",6428,12.54,12.67,0.203,0.1013443,-0.007
"2023-02-24 10:36:28",6429,12.54,12.67,0.206,0.1030183,-0.045
"2023-02-24 10:36:30",6430,12.54,12.65,0.209,0.1044563,-0.055
"2023-02-24 10:36:32",6431,12.54,12.63,0.211,0.1056047,-0.026
"2023-02-24 10:36:34",6432,12.54,12.63,0.214,0.1070479,0.003
"2023-02-24 10:36:36",6433,12.54,12.6,0.215,0.1073097,0.013
"2023-02-24 10:36:38",6434,12.54,12.58,0.215,0.1076135,0.003
"2023-02-24 10:36:40",6435,12.54,12.58,0.216,0.1077917,-0.007
"2023-02-24 10:36:42",6436,12.54,12.58,0.215,0.1074564,-0.007
"2023-02-24 10:36:44",6437,12.54,12.56,0.214,0.1070585,-0.007
"2023-02-24 10:36:46",6438,12.54,12.53,0.214,0.1066189,-0.045
"2023-02-24 10:36:48",6439,12.54,12.51,0.212,0.106075,-0.026
"2023-02-24 10:36:50",6440,12.54,12.49,0.211,0.1055629,-0.016
"2023-02-24 10:36:52",6441,12.54,12.46,0.21,0.1047798,-0.036
"2023-02-24 10:36:54",6442,12.54,12.44,0.209,0.1044041,-0.007
"2023-02-24 10:36:56",6443,12.54,12.42,0.206,0.1032161,-0.007
"2023-02-24 10:36:58",6444,12.54,12.39,0.205,0.1023316,-0.045
"2023-02-24 10:37:00",6445,12.54,12.39,0.203,0.1015208,-0.036
"2023-02-24 10:37:02",6446,12.54,12.37,0.203,0.1013131,0.013
"2023-02-24 10:37:04",6447,12.54,12.35,0.202,0.1008253,0.003
"2023-02-24 10:37:06",6448,12.54,12.35,0.2,0.1000474,-0.026
"2023-02-24 10:37:08",6449,12.54,12.33,0.199,0.09922896,-0.036
"2023-02-24 10:37:10",6450,12.54,12.3,0.197,0.09827711,-0.035
"2023-02-24 10:37:12",6451,12.54,12.28,0.195,0.0977397,0.003
"2023-02-24 10:37:14",6452,12.54,12.26,0.194,0.09701678,-0.006
"2023-02-24 10:37:16",6453,12.54,12.26,0.194,0.09665564,-0.035
"2023-02-24 10:37:18",6454,12.54,12.23,0.191,0.09572785,0.032
"2023-02-24 10:37:20",6455,12.54,12.21,0.191,0.09526442,-0.016
"2023-02-24 10:37:22",6456,12.54,12.19,0.189,0.09442067,-0.006
"2023-02-24 10:37:24",6457,12.54,12.16,0.188,0.09408148,-0.016
"2023-02-24 10:37:26",6458,12.54,12.14,0.188,0.09416375,0.003
"2023-02-24 10:37:28",6459,12.54,12.12,0.187,0.0935472,-0.026
"2023-02-24 10:37:30",6460,12.54,12.07,0.186,0.09313652,-0.006
"2023-02-24 10:37:32",6461,12.54,12.05,0.185,0.09246969,-0.006
"2023-02-24 10:37:34",6462,12.54,12.05,0.184,0.09210066,-0.006
"2023-02-24 10:37:36",6463,12.54,12.02,0.183,0.09172153,0.003
"2023-02-24 10:37:38",6464,12.54,12,0.183,0.09147572,0.003
"2023-02-24 10:37:40",6465,12.54,11.98,0.182,0.09127095,0.013
"2023-02-24 10:37:42",6466,12.54,11.96,0.182,0.09103561,-0.016
"2023-02-24 10:37:44",6467,12.54,11.93,0.181,0.09050366,-0.026
"2023-02-24 10:37:46",6468,12.54,11.91,0.18,0.09009476,0.013
"2023-02-24 10:37:48",6469,12.54,11.91,0.18,0.08972699,-0.035
"2023-02-24 10:37:50",6470,12.54,11.86,0.179,0.0894717,-0.016
"2023-02-24 10:37:52",6471,12.54,11.84,0.179,0.08921649,-0.055
"2023-02-24 10:37:54",6472,12.54,11.82,0.178,0.08921649,-0.006
"2023-02-24 10:37:56",6473,12.54,11.79,0.178,0.08910426,0.003
"2023-02-24 10:37:58",6474,12.54,11.79,0.177,0.08869619,0.023
"2023-02-24 10:38:00",6475,12.54,11.77,0.177,0.08843102,0.013
"2023-02-24 10:38:02",6476,12.54,11.75,0.176,0.08806412,-0.016
"2023-02-24 10:38:04",6477,12.54,11.73,0.176,0.0877585,-0.035
"2023-02-24 10:38:06",6478,12.54,11.7,0.175,0.0874327,0.003
"2023-02-24 10:38:08",6479,12.54,11.68,0.175,0.08730034,-0.006
"2023-02-24 10:38:10",6480,12.54,11.66,0.174,0.08717825,-0.016
"2023-02-24 10:38:12",6481,12.54,11.63,0.174,0.08705609,-0.016
"2023-02-24 10:38:14",6482,12.54,11.61,0.173,0.08680177,0.023
"2023-02-24 10:38:16",6483,12.54,11.61,0.173,0.08654755,-0.006
"2023-02-24 10:38:18",6484,12.54,11.59,0.173,0.0865577,0.023
"2023-02-24 10:38:20",6485,12.54,11.54,0.173,0.08640521,-0.045
"2023-02-24 10:38:22",6486,12.54,11.45,0.173,0.08633408,-0.026
"2023-02-24 10:38:24",6487,12.54,11.45,0.172,0.08624259,0.013
"2023-02-24 10:38:26",6488,12.54,11.43,0.172,0.08589713,-0.006
"2023-02-24 10:38:28",6489,12.54,11.43,0.172,0.08584635,-0.006
"2023-02-24 10:38:30",6490,12.54,11.43,0.171,0.08572452,0.032
"2023-02-24 10:38:32",6491,12.54,11.4,0.171,0.08560261,0.023
"2023-02-24 10:38:34",6492,12.54,11.4,0.171,0.08537932,0.003
"2023-02-24 10:38:36",6493,12.54,11.38,0.171,0.08527782,-0.026
"2023-02-24 10:38:38",6494,12.54,11.36,0.171,0.08523721,-0.035
"2023-02-24 10:38:40",6495,12.54,11.33,0.17,0.08507489,-0.016
"2023-02-24 10:38:42",6496,12.54,11.33,0.17,0.08501402,0.013
"2023-02-24 10:38:44",6497,12.54,11.31,0.17,0.08491258,0.023
"2023-02-24 10:38:46",6498,12.54,11.29,0.17,0.08485176,-0.025
"2023-02-24 10:38:48",6499,12.54,11.27,0.17,0.08480104,-0.025
"2023-02-24 10:38:50",6500,12.54,11.27,0.169,0.08464893,-0.006
"2023-02-24 10:38:52",6501,12.54,11.24,0.169,0.08465905,0.004
"2023-02-24 10:38:54",6502,12.53,11.24,0.17,0.08460835,-0.045
"2023-02-24 10:38:56",6503,12.54,11.22,0.169,0.08446641,-0.035
"2023-02-24 10:38:58",6504,12.53,11.2,0.169,0.08444617,-0.035
"2023-02-24 10:39:00",6505,12.54,11.2,0.169,0.08426371,-0.035
"2023-02-24 10:39:02",6506,12.54,11.18,0.169,0.08423337,-0.016
"2023-02-24 10:39:04",6507,12.54,11.18,0.168,0.08415227,0.013
"2023-02-24 10:39:06",6508,12.54,11.15,0.168,0.08407117,-0.006
"2023-02-24 10:39:08",6509,12.54,11.13,0.168,0.08402053,-0.025
"2023-02-24 10:39:10",6510,12.54,11.13,0.168,0.08393954,-0.006
"2023-02-24 10:39:12",6511,12.54,11.11,0.168,0.08386859,-0.025
"2023-02-24 10:39:14",6512,12.53,11.08,0.167,0.08378762,0.013
"2023-02-24 10:39:16",6513,12.54,11.08,0.168,0.08380784,0.004
"2023-02-24 10:39:18",6514,12.53,11.06,0.167,0.0837268,0.013
"2023-02-24 10:39:20",6515,12.53,11.06,0.167,0.08366606,-0.006
"2023-02-24 10:39:22",6516,12.53,11.04,0.168,0.08364585,-0.035
"2023-02-24 10:39:24",6517,12.53,11.04,0.167,0.08358512,0.023
"2023-02-24 10:39:26",6518,12.53,11.02,0.167,0.08351421,-0.006
"2023-02-24 10:39:28",6519,12.53,11.02,0.167,0.08344338,-0.025
"2023-02-24 10:39:30",6520,12.53,10.99,0.167,0.08340288,-0.006
"2023-02-24 10:39:32",6521,12.53,10.99,0.167,0.08335227,0.023
"2023-02-24 10:39:34",6522,12.53,10.99,0.167,0.08329158,-0.025
"2023-02-24 10:39:36",6523,12.53,10.99,0.167,0.08326118,-0.006
"2023-02-24 10:39:38",6524,12.53,10.97,0.167,0.08323087,-0.025
"2023-02-24 10:39:40",6525,12.53,10.97,0.166,0.08319038,0.004
"2023-02-24 10:39:42",6526,12.53,10.97,0.166,0.08319038,-0.006
"2023-02-24 10:39:44",6527,12.53,10.95,0.166,0.08311951,0.004
"2023-02-24 10:39:46",6528,12.53,10.95,0.166,0.08306894,0.023
"2023-02-24 10:39:48",6529,12.53,10.95,0.166,0.08302853,0.004
"2023-02-24 10:39:50",6530,12.53,10.93,0.166,0.08297787,0.013
"2023-02-24 10:39:52",6531,12.53,10.93,0.166,0.08295767,0.033
"2023-02-24 10:39:54",6532,12.53,10.93,0.166,0.0829273,-0.006
"2023-02-24 10:39:56",6533,12.53,10.9,0.166,0.0829273,-0.025
"2023-02-24 10:39:58",6534,12.53,10.9,0.166,0.0829071,0.004
"2023-02-24 10:40:00",6535,12.53,10.88,0.166,0.08288691,0.004
"2023-02-24 10:40:02",6536,12.53,10.86,0.166,0.08284643,0.004
"2023-02-24 10:40:04",6537,12.53,10.86,0.166,0.08278578,0.004
"2023-02-24 10:40:06",6538,12.53,10.83,0.166,0.0827655,-0.006
"2023-02-24 10:40:08",6539,12.53,10.83,0.165,0.08274532,0.013
"2023-02-24 10:40:10",6540,12.53,10.83,0.166,0.08273522,-0.016
"2023-02-24 10:40:12",6541,12.53,10.81,0.166,0.08273522,-0.006
"2023-02-24 10:40:14",6542,12.53,10.79,0.165,0.08271503,0.004
"2023-02-24 10:40:16",6543,12.53,10.79,0.165,0.08267457,0.013
"2023-02-24 10:40:18",6544,12.53,10.79,0.165,0.0826543,-0.006
"2023-02-24 10:40:20",6545,12.53,10.79,0.165,0.08261394,0.023
"2023-02-24 10:40:22",6546,12.53,10.77,0.165,0.08260375,-0.025
"2023-02-24 10:40:24",6547,12.53,10.74,0.165,0.08259366,-0.044
"2023-02-24 10:40:26",6548,12.53,10.74,0.165,0.08257347,-0.025
"2023-02-24 10:40:28",6549,12.53,10.74,0.165,0.08254312,0.023
"2023-02-24 10:40:30",6550,12.53,10.74,0.165,0.08252294,-0.025
"2023-02-24 10:40:32",6551,12.53,10.72,0.165,0.08252294,-0.006
"2023-02-24 10:40:34",6552,12.53,10.63,0.165,0.08250267,-0.044
"2023-02-24 10:40:36",6553,12.53,10.63,0.165,0.08247239,0.023
"2023-02-24 10:40:38",6554,12.53,10.63,0.165,0.08247239,0.013
"2023-02-24 10:40:40",6555,12.53,10.63,0.165,0.08247239,-0.006
"2023-02-24 10:40:42",6556,12.53,10.63,0.165,0.08246231,-0.015
"2023-02-24 10:40:44",6557,12.53,10.61,0.165,0.08245213,0.004
"2023-02-24 10:40:46",6558,12.53,10.61,0.165,0.08242185,0.013
"2023-02-24 10:40:48",6559,12.53,10.58,0.165,0.08242185,-0.025
"2023-02-24 10:40:50",6560,12.53,10.58,0.165,0.08240159,-0.035
"2023-02-24 10:40:52",6561,12.53,10.56,0.165,0.08238142,-0.035
"2023-02-24 10:40:54",6562,12.53,10.56,0.165,0.08238142,-0.025
"2023-02-24 10:40:56",6563,12.53,10.56,0.165,0.08238142,-0.035
"2023-02-24 10:40:58",6564,12.53,10.54,0.165,0.08235107,-0.015
"2023-02-24 10:41:00",6565,12.53,10.52,0.165,0.08234098,-0.035
"2023-02-24 10:41:02",6566,12.53,10.52,0.165,0.08234098,0.004
"2023-02-24 10:41:04",6567,12.53,10.49,0.165,0.08234098,-0.025
"2023-02-24 10:41:06",6568,12.53,10.49,0.165,0.08234098,-0.015
"2023-02-24 10:41:08",6569,12.53,10.47,0.165,0.08232079,-0.015
"2023-02-24 10:41:10",6570,12.53,10.47,0.165,0.08233088,0.013
"2023-02-24 10:41:12",6571,12.53,10.47,0.165,0.08231071,-0.015
"2023-02-24 10:41:14",6572,12.53,10.45,0.165,0.08231071,0.004
"2023-02-24 10:41:16",6573,12.53,10.43,0.165,0.08230053,0.004
"2023-02-24 10:41:18",6574,12.53,10.43,0.165,0.08231071,-0.006
"2023-02-24 10:41:20",6575,12.53,10.43,0.164,0.08231071,0.033
"2023-02-24 10:41:22",6576,12.53,10.4,0.165,0.08230053,-0.025
"2023-02-24 10:41:24",6577,12.53,10.4,0.165,0.08230053,-0.025
"2023-02-24 10:41:26",6578,12.53,10.38,0.165,0.08229044,0.004
"2023-02-24 10:41:28",6579,12.53,10.38,0.165,0.08229044,-0.025
"2023-02-24 10:41:30",6580,12.53,10.38,0.165,0.08228036,-0.025
"2023-02-24 10:41:32",6581,12.53,10.36,0.165,0.08228036,-0.006
"2023-02-24 10:41:34",6582,12.53,10.36,0.164,0.08227027,0.013
"2023-02-24 10:41:36",6583,12.53,10.36,0.164,0.08227027,0.013
"2023-02-24 10:41:38",6584,12.53,10.34,0.165,0.08227027,-0.035
"2023-02-24 10:41:40",6585,12.53,10.34,0.164,0.08226019,0.004
"2023-02-24 10:41:42",6586,12.53,10.34,0.164,0.08226019,0.013
"2023-02-24 10:41:44",6587,12.53,10.34,0.164,0.08223993,0.033
"2023-02-24 10:41:46",6588,12.53,10.31,0.165,0.08224002,-0.015
"2023-02-24 10:41:48",6589,12.53,10.31,0.165,0.08224002,-0.006
"2023-02-24 10:41:50",6590,12.53,10.29,0.165,0.08222984,-0.035
"2023-02-24 10:41:52",6591,12.53,10.29,0.164,0.08222984,0.004
"2023-02-24 10:41:54",6592,12.53,10.29,0.164,0.08221975,0.014
"2023-02-24 10:41:56",6593,12.53,10.29,0.164,0.08222984,0.014
"2023-02-24 10:41:58",6594,12.53,10.27,0.165,0.08221975,-0.025
"2023-02-24 10:42:00",6595,12.53,10.27,0.165,0.08221975,-0.035
"2023-02-24 10:42:02",6596,12.53,10.27,0.165,0.08224002,-0.006
"2023-02-24 10:42:04",6597,12.53,10.27,0.164,0.08224002,0.004
"2023-02-24 10:42:06",6598,12.53,10.25,0.165,0.08224002,-0.015
"2023-02-24 10:42:08",6599,12.53,10.25,0.165,0.08222984,-0.015
"2023-02-24 10:42:10",6600,12.53,10.25,0.164,0.08220967,0.004
"2023-02-24 10:42:12",6601,12.53,10.25,0.164,0.08220967,-0.006
"2023-02-24 10:42:14",6602,12.53,10.25,0.165,0.08220967,-0.025
"2023-02-24 10:42:16",6603,12.53,10.22,0.164,0.08220967,0.014
"2023-02-24 10:42:18",6604,12.53,10.22,0.164,0.08220967,-0.006
"2023-02-24 10:42:20",6605,12.53,10.22,0.164,0.08219958,-0.015
"2023-02-24 10:42:22",6606,12.53,10.2,0.164,0.08219958,0.014
"2023-02-24 10:42:24",6607,12.53,10.2,0.164,0.08219958,0.033
"2023-02-24 10:42:26",6608,12.53,10.2,0.164,0.08219958,0.014
"2023-02-24 10:42:28",6609,12.53,10.2,0.164,0.08219958,-0.015
"2023-02-24 10:42:30",6610,12.53,10.18,0.164,0.08219958,0.043
"2023-02-24 10:42:32",6611,12.53,10.18,0.165,0.08219958,-0.025
"2023-02-24 10:42:34",6612,12.53,10.18,0.164,0.08219958,0.023
"2023-02-24 10:42:36",6613,12.53,10.16,0.164,0.08219958,-0.006
"2023-02-24 10:42:38",6614,12.53,10.16,0.164,0.08219958,-0.015
"2023-02-24 10:42:40",6615,12.53,10.16,0.164,0.08219958,0.033
"2023-02-24 10:42:42",6616,12.53,10.13,0.164,0.08219958,0.014
"2023-02-24 10:42:44",6617,12.53,10.13,0.164,0.08219958,0.014
"2023-02-24 10:42:46",6618,12.53,10.13,0.164,0.08219958,0.023
"2023-02-24 10:42:48",6619,12.53,10.11,0.165,0.08219958,-0.025
"2023-02-24 10:42:50",6620,12.53,10.11,0.164,0.08219958,0.014
"2023-02-24 10:42:52",6621,12.53,10.11,0.165,0.08219958,-0.025
"2023-02-24 10:42:54",6622,12.53,10.09,0.164,0.08219958,-0.006
"2023-02-24 10:42:56",6623,12.53,10.09,0.164,0.08219958,0.014
"2023-02-24 10:42:58",6624,12.53,10.09,0.165,0.08219958,-0.025
"2023-02-24 10:43:00",6625,12.53,10.06,0.164,0.08219958,-0.006
"2023-02-24 10:43:02",6626,12.53,10.06,0.165,0.08219958,-0.025
"2023-02-24 10:43:04",6627,12.53,10.06,0.165,0.08219958,-0.035
"2023-02-24 10:43:06",6628,12.53,10.06,0.164,0.08219958,0.004
"2023-02-24 10:43:08",6629,12.53,10.04,0.164,0.08219958,-0.015
"2023-02-24 10:43:10",6630,12.53,10.04,0.164,0.08219958,0.033
"2023-02-24 10:43:12",6631,12.53,10.04,0.165,0.08219958,-0.025
"2023-02-24 10:43:14",6632,12.53,10.02,0.164,0.08219958,0.033
"2023-02-24 10:43:16",6633,12.53,10.02,0.164,0.08219958,0.014
"2023-02-24 10:43:18",6634,12.52,10.02,0.164,0.08219958,-0.006
"2023-02-24 10:43:20",6635,12.53,10.02,0.165,0.08219958,-0.025
"2023-02-24 10:43:22",6636,12.53,10.02,0.165,0.08221975,-0.015
"2023-02-24 10:43:24",6637,12.53,10,0.164,0.08221975,0.004
"2023-02-24 10:43:26",6638,12.53,10,0.164,0.08219958,0.014
"2023-02-24 10:43:28",6639,12.53,10,0.164,0.08221975,0.023
"2023-02-24 10:43:30",6640,12.53,9.97,0.164,0.08221975,0.023
"2023-02-24 10:43:32",6641,12.53,9.97,0.164,0.08221975,0.014
"2023-02-24 10:43:34",6642,12.52,9.97,0.164,0.08221975,0.004
"2023-02-24 10:43:36",6643,12.53,9.97,0.164,0.08221975,0.023
"2023-02-24 10:43:38",6644,12.53,9.97,0.165,0.08221975,-0.015
"2023-02-24 10:43:40",6645,12.53,9.97,0.164,0.08221975,-0.006
"2023-02-24 10:43:42",6646,12.52,9.97,0.164,0.08221975,-0.006
"2023-02-24 10:43:44",6647,12.53,9.95,0.164,0.08221975,-0.006
"2023-02-24 10:43:46",6648,12.52,9.95,0.165,0.08221975,-0.025
"2023-02-24 10:43:48",6649,12.53,9.95,0.165,0.08221975,-0.015
"2023-02-24 10:43:50",6650,12.53,9.95,0.164,0.08222993,0.033
"2023-02-24 10:43:52",6651,12.53,9.95,0.165,0.08222993,-0.025
"2023-02-24 10:43:54",6652,12.52,9.93,0.165,0.08222993,-0.025
"2023-02-24 10:43:56",6653,12.53,9.93,0.164,0.08222993,0.023
"2023-02-24 10:43:58",6654,12.52,9.93,0.164,0.08221975,0.004
"2023-02-24 10:44:00",6655,12.53,9.93,0.164,0.08222993,0.033
"2023-02-24 10:44:02",6656,12.52,9.93,0.164,0.08222993,0.023
"2023-02-24 10:44:04",6657,12.52,9.93,0.164,0.08222993,0.033
"2023-02-24 10:44:06",6658,12.52,9.91,0.164,0.08222993,0.023
"2023-02-24 10:44:08",6659,12.53,9.91,0.165,0.08222993,-0.025
"2023-02-24 10:44:10",6660,12.52,9.91,0.164,0.08222993,0.014
"2023-02-24 10:44:12",6661,12.52,9.91,0.164,0.08222993,0.014
"2023-02-24 10:44:14",6662,12.52,9.88,0.165,0.08222993,-0.034
"2023-02-24 10:44:16",6663,12.52,9.88,0.165,0.08224002,-0.015
"2023-02-24 10:44:18",6664,12.52,9.88,0.164,0.08224002,0.033
"2023-02-24 10:44:20",6665,12.52,9.88,0.164,0.0822501,0.014
"2023-02-24 10:44:22",6666,12.52,9.88,0.165,0.0822501,-0.015
"2023-02-24 10:44:24",6667,12.52,9.88,0.165,0.0822501,-0.006
"2023-02-24 10:44:26",6668,12.52,9.86,0.164,0.0822501,0.004
"2023-02-24 10:44:28",6669,12.52,9.86,0.164,0.0822501,0.033
"2023-02-24 10:44:30",6670,12.52,9.86,0.164,0.0822501,0.023
"2023-02-24 10:44:32",6671,12.52,9.84,0.165,0.08226019,-0.025
"2023-02-24 10:44:34",6672,12.52,9.84,0.164,0.08226019,0.033
"2023-02-24 10:44:36",6673,12.52,9.84,0.165,0.08226019,-0.006
"2023-02-24 10:44:38",6674,12.52,9.84,0.165,0.08226019,-0.006
"2023-02-24 10:44:40",6675,12.52,9.84,0.165,0.08226019,-0.034
"2023-02-24 10:44:42",6676,12.52,9.82,0.164,0.08226019,0.004
"2023-02-24 10:44:44",6677,12.52,9.82,0.164,0.08226019,0.023
"2023-02-24 10:44:46",6678,12.52,9.82,0.165,0.08226019,-0.015
"2023-02-24 10:44:48",6679,12.52,9.79,0.165,0.08226019,-0.015
"2023-02-24 10:44:50",6680,12.52,9.79,0.165,0.08226028,-0.005
"2023-02-24 10:44:52",6681,12.52,9.79,0.165,0.08227037,-0.005
"2023-02-24 10:44:54",6682,12.52,9.79,0.164,0.08226028,0.004
"2023-02-24 10:44:56",6683,12.52,9.79,0.164,0.08228045,0.033
"2023-02-24 10:44:58",6684,12.52,9.77,0.165,0.08229054,-0.005
"2023-02-24 10:45:00",6685,12.52,9.77,0.165,0.08228045,0.004
"2023-02-24 10:45:02",6686,12.52,9.77,0.164,0.08228045,0.014
"2023-02-24 10:45:04",6687,12.52,9.75,0.165,0.08229054,0.004
"2023-02-24 10:45:06",6688,12.52,9.75,0.164,0.08228045,0.014
"2023-02-24 10:45:08",6689,12.52,9.75,0.165,0.08228045,-0.025
"2023-02-24 10:45:10",6690,12.52,9.73,0.165,0.08229054,-0.025
"2023-02-24 10:45:12",6691,12.52,9.73,0.164,0.08229054,0.014
"2023-02-24 10:45:14",6692,12.52,9.73,0.165,0.08229054,-0.015
"2023-02-24 10:45:16",6693,12.52,9.71,0.165,0.08229054,-0.015
"2023-02-24 10:45:18",6694,12.52,9.71,0.165,0.08229054,-0.005
"2023-02-24 10:45:20",6695,12.52,9.71,0.165,0.08229054,-0.025
"2023-02-24 10:45:22",6696,12.52,9.68,0.165,0.08229054,-0.005
"2023-02-24 10:45:24",6697,12.52,9.68,0.165,0.08230063,-0.005
"2023-02-24 10:45:26",6698,12.52,9.66,0.165,0.08229054,-0.015
"2023-02-24 10:45:28",6699,12.52,9.66,0.165,0.08230063,0.014
"2023-02-24 10:45:30",6700,12.52,9.66,0.164,0.08230063,0.033
"2023-02-24 10:45:32",6701,12.52,9.64,0.165,0.08230063,0.004
"2023-02-24 10:45:34",6702,12.52,9.64,0.165,0.08231071,0.004
"2023-02-24 10:45:36",6703,12.52,9.64,0.165,0.08230063,-0.015
"2023-02-24 10:45:38",6704,12.52,9.62,0.165,0.08232089,0.004
"2023-02-24 10:45:40",6705,12.52,9.62,0.165,0.08232089,0.014
"2023-02-24 10:45:42",6706,12.52,9.62,0.165,0.08231071,-0.005
"2023-02-24 10:45:44",6707,12.52,9.62,0.164,0.08232089,0.024
"2023-02-24 10:45:46",6708,12.52,9.59,0.165,0.08233098,-0.034
"2023-02-24 10:45:48",6709,12.52,9.59,0.165,0.08233098,-0.044
"2023-02-24 10:45:50",6710,12.52,9.59,0.165,0.08233098,-0.005
"2023-02-24 10:45:52",6711,12.52,9.59,0.165,0.08233098,-0.015
"2023-02-24 10:45:54",6712,12.52,9.57,0.165,0.08233098,-0.025
"2023-02-24 10:45:56",6713,12.52,9.57,0.165,0.08233098,0.024
"2023-02-24 10:45:58",6714,12.52,9.57,0.165,0.08233098,-0.005
"2023-02-24 10:46:00",6715,12.52,9.57,0.165,0.08233098,-0.015
"2023-02-24 10:46:02",6716,12.52,9.57,0.165,0.08233098,-0.005
"2023-02-24 10:46:04",6717,12.52,9.57,0.165,0.08233098,-0.015
"2023-02-24 10:46:06",6718,12.52,9.52,0.165,0.08234106,-0.025
"2023-02-24 10:46:08",6719,12.52,9.52,0.165,0.08234106,0.004
"2023-02-24 10:46:10",6720,12.52,9.52,0.164,0.08234106,0.033
"2023-02-24 10:46:12",6721,12.52,9.5,0.165,0.08234106,-0.015
"2023-02-24 10:46:14",6722,12.52,9.5,0.165,0.08235115,0.024
"2023-02-24 10:46:16",6723,12.52,9.5,0.165,0.08236133,0.004
"2023-02-24 10:46:18",6724,12.52,9.48,0.165,0.08236133,0.014
"2023-02-24 10:46:20",6725,12.52,9.48,0.165,0.08236133,-0.025
"2023-02-24 10:46:22",6726,12.52,9.48,0.165,0.08236133,0.004
"2023-02-24 10:46:24",6727,12.52,9.46,0.165,0.08236133,0.014
"2023-02-24 10:46:26",6728,12.52,9.46,0.165,0.08236133,-0.044
"2023-02-24 10:46:28",6729,12.52,9.46,0.165,0.08237141,-0.005
"2023-02-24 10:46:30",6730,12.52,9.44,0.165,0.08236133,-0.034
"2023-02-24 10:46:32",6731,12.52,9.44,0.165,0.08237141,0.033
"2023-02-24 10:46:34",6732,12.52,9.41,0.165,0.08237141,0.014
"2023-02-24 10:46:36",6733,12.52,9.41,0.165,0.08237141,-0.005
"2023-02-24 10:46:38",6734,12.52,9.41,0.165,0.08237141,0.014
"2023-02-24 10:46:40",6735,12.52,9.39,0.165,0.08237141,-0.005
"2023-02-24 10:46:42",6736,12.52,9.39,0.165,0.08237141,-0.015
"2023-02-24 10:46:44",6737,12.52,9.37,0.165,0.0823815,-0.005
"2023-02-24 10:46:46",6738,12.52,9.35,0.165,0.08237141,-0.015
"2023-02-24 10:46:48",6739,12.52,9.3,0.165,0.0823815,-0.034
"2023-02-24 10:46:50",6740,12.52,9.3,0.165,0.0823815,-0.005
"2023-02-24 10:46:52",6741,12.52,9.3,0.165,0.08239159,-0.005
"2023-02-24 10:46:54",6742,12.52,9.3,0.165,0.08239159,0.014
"2023-02-24 10:46:56",6743,12.52,9.3,0.165,0.08239159,-0.005
"2023-02-24 10:46:58",6744,12.52,9.28,0.165,0.08239159,-0.015
"2023-02-24 10:47:00",6745,12.52,9.28,0.165,0.08239159,-0.025
"2023-02-24 10:47:02",6746,12.52,9.28,0.165,0.08239159,-0.025
"2023-02-24 10:47:04",6747,12.52,9.28,0.165,0.08240177,0.004
"2023-02-24 10:47:06",6748,12.52,9.26,0.165,0.08241186,0.014
"2023-02-24 10:47:08",6749,12.52,9.26,0.165,0.08240177,0.033
"2023-02-24 10:47:10",6750,12.52,9.24,0.165,0.08241186,0.024
"2023-02-24 10:47:12",6751,12.52,9.24,0.165,0.08241186,0.014
"2023-02-24 10:47:14",6752,12.52,9.24,0.165,0.08241186,-0.015
"2023-02-24 10:47:16",6753,12.52,9.21,0.165,0.08241186,0.014
"2023-02-24 10:47:18",6754,12.52,9.21,0.165,0.08241186,0.033
"2023-02-24 10:47:20",6755,12.52,9.19,0.165,0.08242194,0.004
"2023-02-24 10:47:22",6756,12.52,9.19,0.165,0.08242194,-0.025
"2023-02-24 10:47:24",6757,12.52,9.19,0.165,0.08243204,-0.005
"2023-02-24 10:47:26",6758,12.52,9.17,0.165,0.08243204,0.004
"2023-02-24 10:47:28",6759,12.52,9.17,0.165,0.08243204,-0.025
"2023-02-24 10:47:30",6760,12.52,9.17,0.165,0.08243204,0.014
"2023-02-24 10:47:32",6761,12.52,9.15,0.165,0.08243204,0.014
"2023-02-24 10:47:34",6762,12.52,9.15,0.165,0.08243204,-0.034
"2023-02-24 10:47:36",6763,12.52,9.12,0.165,0.08243204,-0.025
"2023-02-24 10:47:38",6764,12.52,9.1,0.165,0.08243204,-0.005
"2023-02-24 10:47:40",6765,12.52,9.1,0.165,0.08243204,0.024
"2023-02-24 10:47:42",6766,12.52,9.1,0.165,0.08243204,-0.034
"2023-02-24 10:47:44",6767,12.52,9.08,0.165,0.08243204,-0.025
"2023-02-24 10:47:46",6768,12.52,9.08,0.165,0.08243204,-0.025
"2023-02-24 10:47:48",6769,12.52,9.06,0.165,0.08243204,0.014
"2023-02-24 10:47:50",6770,12.52,9.06,0.165,0.0824523,-0.034
"2023-02-24 10:47:52",6771,12.52,9.06,0.165,0.0824523,0.014
"2023-02-24 10:47:54",6772,12.52,9.03,0.165,0.08244221,-0.015
"2023-02-24 10:47:56",6773,12.52,9.03,0.165,0.08244221,0.014
"2023-02-24 10:47:58",6774,12.52,9.03,0.165,0.0824523,-0.005
"2023-02-24 10:48:00",6775,12.52,9.01,0.165,0.08246239,0.024
"2023-02-24 10:48:02",6776,12.52,9.01,0.165,0.0824523,0.004
"2023-02-24 10:48:04",6777,12.52,9.01,0.165,0.08247249,-0.034
"2023-02-24 10:48:06",6778,12.52,8.99,0.165,0.08246239,-0.005
"2023-02-24 10:48:08",6779,12.52,8.99,0.165,0.08247249,0.004
"2023-02-24 10:48:10",6780,12.52,8.97,0.165,0.08247249,-0.005
"2023-02-24 10:48:12",6781,12.52,8.94,0.165,0.08247249,0.014
"2023-02-24 10:48:14",6782,12.52,8.92,0.165,0.08247249,0.014
"2023-02-24 10:48:16",6783,12.52,8.92,0.165,0.08247249,0.004
"2023-02-24 10:48:18",6784,12.52,8.92,0.165,0.08247249,0.024
"2023-02-24 10:48:20",6785,12.52,8.9,0.165,0.08247249,0.024
"2023-02-24 10:48:22",6786,12.52,8.9,0.165,0.08247249,-0.005
"2023-02-24 10:48:24",6787,12.52,8.88,0.165,0.08247249,-0.025
"2023-02-24 10:48:26",6788,12.52,8.88,0.165,0.08247249,0.014
"2023-02-24 10:48:28",6789,12.52,8.86,0.165,0.08247249,-0.015
"2023-02-24 10:48:30",6790,12.52,8.86,0.165,0.08247249,0.024
"2023-02-24 10:48:32",6791,12.52,8.83,0.165,0.08248258,0.004
"2023-02-24 10:48:34",6792,12.52,8.83,0.165,0.08249266,0.014
"2023-02-24 10:48:36",6793,12.52,8.83,0.165,0.08249266,-0.025
"2023-02-24 10:48:38",6794,12.52,8.81,0.165,0.08250284,-0.005
"2023-02-24 10:48:40",6795,12.52,8.79,0.165,0.08251294,0.024
"2023-02-24 10:48:42",6796,12.52,8.79,0.165,0.08251294,0.014
"2023-02-24 10:48:44",6797,12.52,8.79,0.165,0.08251294,-0.005
"2023-02-24 10:48:46",6798,12.52,8.77,0.165,0.08251294,0.024
"2023-02-24 10:48:48",6799,12.52,8.77,0.165,0.08251294,-0.005
"2023-02-24 10:48:50",6800,12.52,8.77,0.165,0.08251294,-0.025
"2023-02-24 10:48:52",6801,12.52,8.75,0.165,0.08251294,-0.005
"2023-02-24 10:48:54",6802,12.52,8.75,0.165,0.08251294,0.024
"2023-02-24 10:48:56",6803,12.52,8.72,0.165,0.08251294,-0.015
"2023-02-24 10:48:58",6804,12.52,8.72,0.165,0.08251294,0.004
"2023-02-24 10:49:00",6805,12.52,8.7,0.165,0.08251294,0.004
"2023-02-24 10:49:02",6806,12.52,8.7,0.165,0.08251294,0.014
"2023-02-24 10:49:04",6807,12.52,8.7,0.165,0.08251294,0.014
"2023-02-24 10:49:06",6808,12.52,8.68,0.165,0.08251294,-0.005
"2023-02-24 10:49:08",6809,12.52,8.68,0.165,0.08251294,0.014
"2023-02-24 10:49:10",6810,12.52,8.68,0.165,0.08251294,0.024
"2023-02-24 10:49:12",6811,12.52,8.68,0.165,0.08251294,0.024
"2023-02-24 10:49:14",6812,12.52,8.66,0.165,0.08251294,-0.025
"2023-02-24 10:49:16",6813,12.52,8.66,0.165,0.08253312,0.014
"2023-02-24 10:49:18",6814,12.52,8.66,0.165,0.0825433,0.014
"2023-02-24 10:49:20",6815,12.52,8.63,0.165,0.08255339,0.014
"2023-02-24 10:49:22",6816,12.52,8.63,0.165,0.08255339,-0.005
"2023-02-24 10:49:24",6817,12.52,8.61,0.165,0.08255339,0.014
"2023-02-24 10:49:26",6818,12.52,8.61,0.165,0.08255339,0.033
"2023-02-24 10:49:28",6819,12.52,8.61,0.165,0.08255339,-0.015
"2023-02-24 10:49:30",6820,12.52,8.59,0.165,0.08255339,0.024
"2023-02-24 10:49:32",6821,12.52,8.59,0.165,0.08255339,-0.015
"2023-02-24 10:49:34",6822,12.52,8.57,0.165,0.08255339,0.014
"2023-02-24 10:49:36",6823,12.52,8.57,0.165,0.08255339,0.014
"2023-02-24 10:49:38",6824,12.52,8.57,0.165,0.08255339,0.004
"2023-02-24 10:49:40",6825,12.52,8.57,0.165,0.08255339,-0.015
"2023-02-24 10:49:42",6826,12.52,8.55,0.165,0.08255339,0.004
"2023-02-24 10:49:44",6827,12.52,8.55,0.165,0.08256347,-0.015
"2023-02-24 10:49:46",6828,12.52,8.52,0.165,0.08255339,0.024
"2023-02-24 10:49:48",6829,12.52,8.52,0.165,0.08255339,0.043
"2023-02-24 10:49:50",6830,12.52,8.52,0.165,0.08257356,0.033
"2023-02-24 10:49:52",6831,12.52,8.5,0.165,0.08256347,-0.034
"2023-02-24 10:49:54",6832,12.52,8.5,0.165,0.08258366,-0.005
"2023-02-24 10:49:56",6833,12.52,8.48,0.165,0.08258366,-0.025
"2023-02-24 10:49:58",6834,12.52,8.48,0.165,0.08258366,-0.015
"2023-02-24 10:50:00",6835,12.52,8.48,0.165,0.08259384,0.033
"2023-02-24 10:50:02",6836,12.52,8.46,0.165,0.08259384,-0.015
"2023-02-24 10:50:04",6837,12.52,8.46,0.165,0.08259384,0.004
"2023-02-24 10:50:06",6838,12.52,8.46,0.165,0.08259384,0.024
"2023-02-24 10:50:08",6839,12.52,8.44,0.165,0.08259384,-0.005
"2023-02-24 10:50:10",6840,12.52,8.44,0.165,0.08259384,0.004
"2023-02-24 10:50:12",6841,12.52,8.44,0.165,0.08259384,0.014
"2023-02-24 10:50:14",6842,12.51,8.44,0.165,0.08259384,-0.015
"2023-02-24 10:50:16",6843,12.52,8.41,0.165,0.08259384,-0.025
"2023-02-24 10:50:18",6844,12.52,8.41,0.165,0.08259384,-0.005
"2023-02-24 10:50:20",6845,12.51,8.41,0.165,0.08259384,0.004
"2023-02-24 10:50:22",6846,12.52,8.39,0.165,0.08259384,-0.005
"2023-02-24 10:50:24",6847,12.52,8.39,0.165,0.08260392,0.014
"2023-02-24 10:50:26",6848,12.51,8.39,0.165,0.08260392,0.014
"2023-02-24 10:50:28",6849,12.52,8.39,0.165,0.08260392,-0.005
"2023-02-24 10:50:30",6850,12.51,8.39,0.165,0.08260392,0.033
"2023-02-24 10:50:32",6851,12.51,8.37,0.165,0.08261402,0.033
"2023-02-24 10:50:34",6852,12.51,8.37,0.165,0.08261402,0.004
"2023-02-24 10:50:36",6853,12.51,8.37,0.165,0.08261402,0.014
"2023-02-24 10:50:38",6854,12.51,8.37,0.165,0.08261402,0.014
"2023-02-24 10:50:40",6855,12.52,8.35,0.165,0.0826342,0.024
"2023-02-24 10:50:42",6856,12.51,8.35,0.165,0.08262412,-0.015
"2023-02-24 10:50:44",6857,12.51,8.35,0.165,0.0826342,-0.015
"2023-02-24 10:50:46",6858,12.51,8.35,0.165,0.08262412,0.024
"2023-02-24 10:50:48",6859,12.51,8.35,0.165,0.0826342,0.033
"2023-02-24 10:50:50",6860,12.52,8.33,0.165,0.0826342,0.004
"2023-02-24 10:50:52",6861,12.52,8.33,0.165,0.0826342,0.024
"2023-02-24 10:50:54",6862,12.51,8.33,0.165,0.0826342,0.014
"2023-02-24 10:50:56",6863,12.52,8.33,0.165,0.0826342,0.004
"2023-02-24 10:50:58",6864,12.51,8.3,0.165,0.08264438,0.004
"2023-02-24 10:51:00",6865,12.51,8.3,0.165,0.08264438,-0.005
"2023-02-24 10:51:02",6866,12.51,8.3,0.165,0.08264438,0.014
"2023-02-24 10:51:04",6867,12.51,8.3,0.165,0.08264438,0.004
"2023-02-24 10:51:06",6868,12.51,8.3,0.165,0.08265448,0.024
"2023-02-24 10:51:08",6869,12.51,8.28,0.165,0.08265448,-0.005
"2023-02-24 10:51:10",6870,12.51,8.28,0.165,0.08266457,0.014
"2023-02-24 10:51:12",6871,12.51,8.26,0.165,0.08265448,0.014
"2023-02-24 10:51:14",6872,12.51,8.26,0.165,0.08266457,0.004
"2023-02-24 10:51:16",6873,12.51,8.26,0.165,0.08266457,0.033
"2023-02-24 10:51:18",6874,12.51,8.26,0.165,0.08266457,0.014
"2023-02-24 10:51:20",6875,12.51,8.26,0.165,0.08266457,0.024
"2023-02-24 10:51:22",6876,12.51,8.26,0.165,0.08266457,-0.005
"2023-02-24 10:51:24",6877,12.51,8.23,0.165,0.08266457,0.024
"2023-02-24 10:51:26",6878,12.51,8.23,0.165,0.08267466,0.004
"2023-02-24 10:51:28",6879,12.51,8.23,0.165,0.08267466,0.014
"2023-02-24 10:51:30",6880,12.51,8.19,0.165,0.08267466,0.024
"2023-02-24 10:51:32",6881,12.51,8.19,0.166,0.08267466,-0.024
"2023-02-24 10:51:34",6882,12.51,8.19,0.165,0.08267466,-0.015
"2023-02-24 10:51:36",6883,12.51,8.19,0.165,0.08267466,0.014
"2023-02-24 10:51:38",6884,12.51,8.19,0.166,0.08267466,-0.024
"2023-02-24 10:51:40",6885,12.51,8.19,0.165,0.08267466,-0.005
"2023-02-24 10:51:42",6886,12.51,8.17,0.166,0.08267466,-0.024
"2023-02-24 10:51:44",6887,12.51,8.17,0.165,0.08267466,0.033
"2023-02-24 10:51:46",6888,12.51,8.17,0.166,0.08267466,-0.034
"2023-02-24 10:51:48",6889,12.51,8.17,0.165,0.08268484,0.033
"2023-02-24 10:51:50",6890,12.51,8.15,0.165,0.08269493,-0.015
"2023-02-24 10:51:52",6891,12.51,8.15,0.165,0.08269493,-0.005
"2023-02-24 10:51:54",6892,12.51,8.15,0.165,0.08269493,0.004
"2023-02-24 10:51:56",6893,12.51,8.15,0.165,0.08269493,-0.015
"2023-02-24 10:51:58",6894,12.51,8.15,0.165,0.08269493,0.004
"2023-02-24 10:52:00",6895,12.51,8.13,0.166,0.08270504,-0.015
"2023-02-24 10:52:02",6896,12.51,8.13,0.166,0.08269493,-0.024
"2023-02-24 10:52:04",6897,12.51,8.13,0.165,0.08269493,0.033
"2023-02-24 10:52:06",6898,12.51,8.1,0.166,0.08270504,-0.015
"2023-02-24 10:52:08",6899,12.51,8.1,0.165,0.08270504,-0.005
"2023-02-24 10:52:10",6900,12.51,8.1,0.165,0.08270504,0.024
"2023-02-24 10:52:12",6901,12.51,8.1,0.166,0.08270504,-0.015
"2023-02-24 10:52:14",6902,12.51,8.1,0.165,0.08270504,0.014
"2023-02-24 10:52:16",6903,12.51,8.08,0.165,0.08270504,0.033
"2023-02-24 10:52:18",6904,12.51,8.08,0.165,0.08272522,0.004
"2023-02-24 10:52:20",6905,12.51,8.08,0.165,0.08272522,0.014
"2023-02-24 10:52:22",6906,12.51,8.08,0.166,0.08271512,-0.015
"2023-02-24 10:52:24",6907,12.51,8.06,0.165,0.08271512,0.024
"2023-02-24 10:52:26",6908,12.51,8.06,0.166,0.08272522,-0.024
"2023-02-24 10:52:28",6909,12.51,8.06,0.165,0.0827354,0.004
"2023-02-24 10:52:30",6910,12.51,8.06,0.165,0.0827354,0.005
"2023-02-24 10:52:32",6911,12.51,8.04,0.165,0.0827354,0.005
"2023-02-24 10:52:34",6912,12.51,8.04,0.165,0.0827354,0.014
"2023-02-24 10:52:36",6913,12.51,8.04,0.166,0.0827354,-0.024
"2023-02-24 10:52:38",6914,12.51,8.04,0.166,0.0827354,-0.024
"2023-02-24 10:52:40",6915,12.51,8.04,0.166,0.0827354,-0.005
"2023-02-24 10:52:42",6916,12.51,8.04,0.166,0.0827354,-0.005
"2023-02-24 10:52:44",6917,12.51,8.02,0.166,0.0827354,-0.024
"2023-02-24 10:52:46",6918,12.51,8.02,0.166,0.0827354,-0.015
"2023-02-24 10:52:48",6919,12.51,8.02,0.165,0.0827354,0.014
"2023-02-24 10:52:50",6920,12.51,8.02,0.166,0.08274549,-0.024
"2023-02-24 10:52:52",6921,12.51,7.993,0.166,0.08274549,-0.015
"2023-02-24 10:52:54",6922,12.51,7.993,0.166,0.08274549,-0.005
"2023-02-24 10:52:56",6923,12.51,7.993,0.165,0.08274549,0.024
"2023-02-24 10:52:58",6924,12.51,7.97,0.165,0.08274549,0.024
"2023-02-24 10:53:00",6925,12.51,7.97,0.165,0.0827556,0.033
"2023-02-24 10:53:02",6926,12.51,7.97,0.165,0.0827556,0.014
"2023-02-24 10:53:04",6927,12.51,7.97,0.166,0.0827556,-0.015
"2023-02-24 10:53:06",6928,12.51,7.97,0.165,0.08276568,0.033
"2023-02-24 10:53:08",6929,12.51,7.95,0.165,0.08276568,0.033
"2023-02-24 10:53:10",6930,12.51,7.95,0.166,0.08276568,-0.005
"2023-02-24 10:53:12",6931,12.51,7.927,0.165,0.08276568,0.014
"2023-02-24 10:53:14",6932,12.51,7.927,0.165,0.08276568,0.024
"2023-02-24 10:53:16",6933,12.51,7.927,0.166,0.08276568,0.005
"2023-02-24 10:53:18",6934,12.51,7.905,0.165,0.08277578,0.043
"2023-02-24 10:53:20",6935,12.51,7.905,0.166,0.08277578,-0.015
"2023-02-24 10:53:22",6936,12.51,7.882,0.166,0.08277578,-0.005
"2023-02-24 10:53:24",6937,12.51,7.882,0.166,0.08277578,-0.024
"2023-02-24 10:53:26",6938,12.51,7.882,0.165,0.08278596,0.024
"2023-02-24 10:53:28",6939,12.51,7.882,0.166,0.08278596,-0.024
"2023-02-24 10:53:30",6940,12.51,7.862,0.165,0.08277578,0.014
"2023-02-24 10:53:32",6941,12.51,7.862,0.166,0.08278596,0.005
"2023-02-24 10:53:34",6942,12.51,7.839,0.165,0.08277578,0.024
"2023-02-24 10:53:36",6943,12.51,7.839,0.166,0.08278596,-0.005
"2023-02-24 10:53:38",6944,12.51,7.839,0.166,0.08278596,-0.005
"2023-02-24 10:53:40",6945,12.51,7.839,0.166,0.08278596,-0.024
"2023-02-24 10:53:42",6946,12.5,7.817,0.166,0.08279605,-0.015
"2023-02-24 10:53:44",6947,12.51,7.817,0.166,0.08279605,0.005
"2023-02-24 10:53:46",6948,12.5,7.817,0.166,0.08279605,-0.015
