"TOA5","CR80049009","CR800","49009","CR800.Std.32.05","CPU:cond practice run.CR8","36611","Practice_cond"
"TIMESTAMP","RECORD","BattV","PTemp_C","Cond","CondNOT","Temp_C"
"TS","RN","Volts","Deg C","mS/cm","mS/cm","Deg C"
"","","Smp","Smp","Smp","Smp","Smp"
"2023-03-03 10:15:50",9407,12.51,7.598,0.148,0.07516741,0.401
"2023-03-03 10:15:52",9408,12.51,7.575,0.148,0.07510742,0.372
"2023-03-03 10:15:54",9409,12.51,7.575,0.148,0.07515743,0.343
"2023-03-03 10:15:56",9410,12.51,7.575,0.148,0.07514744,0.391
"2023-03-03 10:15:58",9411,12.51,7.575,0.148,0.07512739,0.362
"2023-03-03 10:16:00",9412,12.51,7.552,0.148,0.07517739,0.372
"2023-03-03 10:16:02",9413,12.5,7.552,0.148,0.07515743,0.382
"2023-03-03 10:16:04",9414,12.51,7.532,0.148,0.07513737,0.372
"2023-03-03 10:16:06",9415,12.5,7.532,0.148,0.07512739,0.353
"2023-03-03 10:16:08",9416,12.51,7.51,0.148,0.07516741,0.382
"2023-03-03 10:16:10",9417,12.51,7.51,0.148,0.07520734,0.401
"2023-03-03 10:16:12",9418,12.5,7.51,0.148,0.07513737,0.372
"2023-03-03 10:16:14",9419,12.51,7.487,0.148,0.07519736,0.362
"2023-03-03 10:16:16",9420,12.51,7.487,0.148,0.07513737,0.391
"2023-03-03 10:16:18",9421,12.51,7.487,0.148,0.07512739,0.372
"2023-03-03 10:16:20",9422,12.51,7.464,0.148,0.07515743,0.343
"2023-03-03 10:16:22",9423,12.5,7.444,0.148,0.07520734,0.343
"2023-03-03 10:16:24",9424,12.51,7.444,0.148,0.07515743,0.372
"2023-03-03 10:16:26",9425,12.51,7.444,0.148,0.07516741,0.401
"2023-03-03 10:16:28",9426,12.5,7.421,0.148,0.07515743,0.372
"2023-03-03 10:16:30",9427,12.51,7.421,0.148,0.07515743,0.372
"2023-03-03 10:16:32",9428,12.51,7.421,0.148,0.07513737,0.343
"2023-03-03 10:16:34",9429,12.51,7.399,0.148,0.0751174,0.382
"2023-03-03 10:16:36",9430,12.5,7.399,0.148,0.07518738,0.343
"2023-03-03 10:16:38",9431,12.51,7.378,0.148,0.07515743,0.41
"2023-03-03 10:16:40",9432,12.5,7.378,0.148,0.07516741,0.401
"2023-03-03 10:16:42",9433,12.5,7.378,0.148,0.07516741,0.391
"2023-03-03 10:16:44",9434,12.51,7.356,0.148,0.0752274,0.343
"2023-03-03 10:16:46",9435,12.5,7.356,0.148,0.07517739,0.362
"2023-03-03 10:16:48",9436,12.5,7.356,0.148,0.07513737,0.343
"2023-03-03 10:16:50",9437,12.5,7.356,0.148,0.07515743,0.372
"2023-03-03 10:16:52",9438,12.5,7.333,0.148,0.07516741,0.362
"2023-03-03 10:16:54",9439,12.5,7.333,0.148,0.07521741,0.353
"2023-03-03 10:16:56",9440,12.51,7.311,0.148,0.07519736,0.343
"2023-03-03 10:16:58",9441,12.5,7.311,0.148,0.07516741,0.343
"2023-03-03 10:17:00",9442,12.51,7.311,0.148,0.07524737,0.41
"2023-03-03 10:17:02",9443,12.5,7.311,0.148,0.07518738,0.343
"2023-03-03 10:17:04",9444,12.5,7.311,0.148,0.0752274,0.372
"2023-03-03 10:17:06",9445,12.51,7.29,0.148,0.07521741,0.333
"2023-03-03 10:17:08",9446,12.5,7.29,0.148,0.07524737,0.401
"2023-03-03 10:17:10",9447,12.5,7.268,0.148,0.07519736,0.382
"2023-03-03 10:17:12",9448,12.5,7.268,0.148,0.07521741,0.362
"2023-03-03 10:17:14",9449,12.5,7.268,0.148,0.0752274,0.353
"2023-03-03 10:17:16",9450,12.5,7.268,0.148,0.07519736,0.382
"2023-03-03 10:17:18",9451,12.51,7.268,0.148,0.07519736,0.372
"2023-03-03 10:17:20",9452,12.5,7.245,0.148,0.07517739,0.362
"2023-03-03 10:17:22",9453,12.5,7.245,0.148,0.07521741,0.343
"2023-03-03 10:17:24",9454,12.51,7.245,0.148,0.07518738,0.353
"2023-03-03 10:17:26",9455,12.5,7.225,0.148,0.07518738,0.372
"2023-03-03 10:17:28",9456,12.51,7.225,0.148,0.07516741,0.353
"2023-03-03 10:17:30",9457,12.5,7.225,0.148,0.07520734,0.362
"2023-03-03 10:17:32",9458,12.5,7.202,0.148,0.07523738,0.401
"2023-03-03 10:17:34",9459,12.5,7.202,0.148,0.07515743,0.391
"2023-03-03 10:17:36",9460,12.5,7.18,0.148,0.0752874,0.382
"2023-03-03 10:17:38",9461,12.5,7.18,0.148,0.07523738,0.362
"2023-03-03 10:17:40",9462,12.5,7.18,0.148,0.07525735,0.391
"2023-03-03 10:17:42",9463,12.51,7.159,0.148,0.07516732,0.372
"2023-03-03 10:17:44",9464,12.5,7.159,0.148,0.07521732,0.372
"2023-03-03 10:17:46",9465,12.5,7.159,0.148,0.0752874,0.362
"2023-03-03 10:17:48",9466,12.5,7.137,0.148,0.07525735,0.362
"2023-03-03 10:17:50",9467,12.5,7.137,0.148,0.07519736,0.372
"2023-03-03 10:17:52",9468,12.51,7.137,0.148,0.07521732,0.381
"2023-03-03 10:17:54",9469,12.5,7.094,0.148,0.07520734,0.381
"2023-03-03 10:17:56",9470,12.5,7.094,0.148,0.07529739,0.372
"2023-03-03 10:17:58",9471,12.5,7.094,0.148,0.07521732,0.353
"2023-03-03 10:18:00",9472,12.5,7.071,0.148,0.07521732,0.333
"2023-03-03 10:18:02",9473,12.5,7.071,0.148,0.07529739,0.381
"2023-03-03 10:18:04",9474,12.51,7.071,0.148,0.07521732,0.381
"2023-03-03 10:18:06",9475,12.5,7.049,0.148,0.07526734,0.343
"2023-03-03 10:18:08",9476,12.5,7.049,0.148,0.07524737,0.343
"2023-03-03 10:18:10",9477,12.5,7.028,0.148,0.07526734,0.41
"2023-03-03 10:18:12",9478,12.5,7.028,0.149,0.07536737,0.343
"2023-03-03 10:18:14",9479,12.5,7.028,0.148,0.07525735,0.391
"2023-03-03 10:18:16",9480,12.5,7.006,0.148,0.07526734,0.362
"2023-03-03 10:18:18",9481,12.5,7.006,0.148,0.07518738,0.391
"2023-03-03 10:18:20",9482,12.5,6.983,0.148,0.07521732,0.343
"2023-03-03 10:18:22",9483,12.5,6.983,0.148,0.07524737,0.391
"2023-03-03 10:18:24",9484,12.5,6.983,0.148,0.07520734,0.401
"2023-03-03 10:18:26",9485,12.5,6.983,0.148,0.0752874,0.372
"2023-03-03 10:18:28",9486,12.5,6.963,0.148,0.07525735,0.381
"2023-03-03 10:18:30",9487,12.5,6.963,0.148,0.07524737,0.362
"2023-03-03 10:18:32",9488,12.5,6.94,0.148,0.07527741,0.362
"2023-03-03 10:18:34",9489,12.5,6.94,0.149,0.07527741,0.343
"2023-03-03 10:18:36",9490,12.5,6.94,0.148,0.07524737,0.362
"2023-03-03 10:18:38",9491,12.5,6.918,0.148,0.07521732,0.353
"2023-03-03 10:18:40",9492,12.5,6.918,0.148,0.07523738,0.381
"2023-03-03 10:18:42",9493,12.5,6.897,0.148,0.0752874,0.362
"2023-03-03 10:18:44",9494,12.5,6.897,0.148,0.07523738,0.362
"2023-03-03 10:18:46",9495,12.5,6.897,0.148,0.07527741,0.353
"2023-03-03 10:18:48",9496,12.5,6.897,0.148,0.07525735,0.381
"2023-03-03 10:18:50",9497,12.51,6.875,0.148,0.07525735,0.381
"2023-03-03 10:18:52",9498,12.52,6.875,0.148,0.07527741,0.372
"2023-03-03 10:18:54",9499,12.52,6.875,0.148,0.07525735,0.381
"2023-03-03 10:18:56",9500,12.52,6.875,0.148,0.07529739,0.362
"2023-03-03 10:18:58",9501,12.52,6.852,0.148,0.07532734,0.391
"2023-03-03 10:34:28",9502,12.54,6.918,0.154,0.07575302,-0.478
"2023-03-03 10:34:30",9503,12.54,6.918,0.155,0.075773,-0.498
"2023-03-03 10:34:32",9504,12.54,6.918,0.155,0.07579307,-0.507
"2023-03-03 10:34:34",9505,12.54,6.897,0.155,0.07582305,-0.469
"2023-03-03 10:34:36",9506,12.54,6.897,0.155,0.07587311,-0.478
"2023-03-03 10:34:38",9507,12.54,6.897,0.154,0.07587311,-0.42
"2023-03-03 10:34:40",9508,12.54,6.875,0.154,0.07589319,-0.43
"2023-03-03 10:34:42",9509,12.54,6.875,0.154,0.07590318,-0.391
"2023-03-03 10:34:44",9510,12.54,6.875,0.154,0.07591317,-0.401
"2023-03-03 10:34:46",9511,12.54,6.852,0.154,0.07592317,-0.411
"2023-03-03 10:34:48",9512,12.54,6.852,0.154,0.07595324,-0.362
"2023-03-03 10:34:50",9513,12.54,6.832,0.154,0.07599331,-0.372
"2023-03-03 10:34:52",9514,12.54,6.832,0.154,0.07595324,-0.362
"2023-03-03 10:34:54",9515,12.53,6.832,0.154,0.07599331,-0.343
"2023-03-03 10:34:56",9516,12.54,6.809,0.154,0.07603338,-0.324
"2023-03-03 10:34:58",9517,12.54,6.787,0.154,0.07606337,-0.304
"2023-03-03 10:35:00",9518,12.53,6.787,0.154,0.07605338,-0.285
"2023-03-03 10:35:02",9519,12.54,6.787,0.154,0.07608345,-0.246
"2023-03-03 10:35:04",9520,12.54,6.766,0.154,0.07609345,-0.266
"2023-03-03 10:35:06",9521,12.54,6.744,0.154,0.07609345,-0.237
"2023-03-03 10:35:08",9522,12.54,6.744,0.154,0.07609345,-0.237
"2023-03-03 10:35:10",9523,12.54,6.721,0.154,0.07615352,-0.246
"2023-03-03 10:35:12",9524,12.54,6.721,0.154,0.07616352,-0.227
"2023-03-03 10:35:14",9525,12.54,6.701,0.154,0.0762236,-0.208
"2023-03-03 10:35:16",9526,12.54,6.701,0.154,0.07623369,-0.188
"2023-03-03 10:35:18",9527,12.54,6.678,0.154,0.0762236,-0.179
"2023-03-03 10:35:20",9528,12.54,6.678,0.154,0.0762236,-0.179
"2023-03-03 10:35:22",9529,12.54,6.656,0.153,0.0762236,-0.14
"2023-03-03 10:35:24",9530,12.54,6.656,0.153,0.07624368,-0.159
"2023-03-03 10:35:26",9531,12.54,6.656,0.153,0.07624368,-0.111
"2023-03-03 10:35:28",9532,12.54,6.635,0.153,0.07626368,-0.111
"2023-03-03 10:35:30",9533,12.54,6.613,0.153,0.07625368,-0.092
"2023-03-03 10:35:32",9534,12.54,6.613,0.153,0.07625368,-0.14
"2023-03-03 10:35:34",9535,12.54,6.613,0.153,0.07630377,-0.111
"2023-03-03 10:35:36",9536,12.54,6.59,0.153,0.07632376,-0.092
"2023-03-03 10:35:38",9537,12.53,6.57,0.153,0.07636386,-0.092
"2023-03-03 10:35:40",9538,12.54,6.57,0.153,0.07636386,-0.044
"2023-03-03 10:35:42",9539,12.53,6.57,0.153,0.07637386,-0.044
"2023-03-03 10:35:44",9540,12.53,6.547,0.153,0.07640396,-0.073
"2023-03-03 10:35:46",9541,12.53,6.547,0.153,0.07639395,-0.024
"2023-03-03 10:35:48",9542,12.53,6.524,0.153,0.07639395,-0.015
"2023-03-03 10:35:50",9543,12.53,6.524,0.153,0.07640396,0.005
"2023-03-03 10:35:52",9544,12.53,6.504,0.153,0.07640396,-0.044
"2023-03-03 10:35:54",9545,12.53,6.504,0.153,0.07640396,0.034
"2023-03-03 10:35:56",9546,12.53,6.482,0.153,0.07645404,-0.024
"2023-03-03 10:35:58",9547,12.53,6.482,0.153,0.07649415,-0.015
"2023-03-03 10:36:00",9548,12.53,6.482,0.153,0.07650415,-0.005
"2023-03-03 10:36:02",9549,12.53,6.461,0.153,0.07651415,0.062
"2023-03-03 10:36:04",9550,12.53,6.461,0.153,0.07653425,0.034
"2023-03-03 10:36:06",9551,12.53,6.439,0.153,0.07650415,0.043
"2023-03-03 10:36:08",9552,12.53,6.439,0.153,0.07652415,0.043
"2023-03-03 10:36:10",9553,12.53,6.439,0.153,0.07652415,0.014
"2023-03-03 10:36:12",9554,12.53,6.416,0.153,0.07652415,0.053
"2023-03-03 10:36:14",9555,12.53,6.416,0.153,0.07652415,0.082
"2023-03-03 10:36:16",9556,12.53,6.396,0.153,0.07652415,0.043
"2023-03-03 10:36:18",9557,12.53,6.396,0.153,0.07653425,0.062
"2023-03-03 10:36:20",9558,12.53,6.396,0.153,0.07655425,0.062
"2023-03-03 10:36:22",9559,12.52,6.373,0.153,0.07656427,0.062
"2023-03-03 10:36:24",9560,12.53,6.373,0.153,0.07656427,0.101
"2023-03-03 10:36:26",9561,12.52,6.351,0.153,0.07658427,0.101
"2023-03-03 10:36:28",9562,12.52,6.351,0.153,0.07658427,0.082
"2023-03-03 10:36:30",9563,12.52,6.33,0.153,0.07659436,0.101
"2023-03-03 10:36:32",9564,12.52,6.308,0.153,0.07659436,0.111
"2023-03-03 10:36:34",9565,12.52,6.308,0.153,0.07659436,0.111
"2023-03-03 10:36:36",9566,12.52,6.308,0.152,0.07660437,0.13
"2023-03-03 10:36:38",9567,12.52,6.287,0.152,0.07662438,0.13
"2023-03-03 10:36:40",9568,12.52,6.287,0.152,0.07663447,0.149
"2023-03-03 10:36:42",9569,12.52,6.265,0.152,0.07663447,0.14
"2023-03-03 10:36:44",9570,12.52,6.265,0.152,0.07663447,0.149
"2023-03-03 10:36:46",9571,12.52,6.242,0.152,0.07664447,0.169
"2023-03-03 10:36:48",9572,12.52,6.242,0.152,0.07664447,0.149
"2023-03-03 10:36:50",9573,12.52,6.222,0.153,0.07665447,0.12
"2023-03-03 10:36:52",9574,12.52,6.222,0.152,0.07666449,0.169
"2023-03-03 10:36:54",9575,12.52,6.199,0.152,0.07666449,0.149
"2023-03-03 10:36:56",9576,12.52,6.199,0.152,0.07666449,0.169
"2023-03-03 10:36:58",9577,12.52,6.156,0.152,0.07666449,0.14
"2023-03-03 10:37:00",9578,12.52,6.156,0.153,0.07669459,0.14
"2023-03-03 10:37:02",9579,12.52,6.156,0.152,0.07669459,0.226
"2023-03-03 10:37:04",9580,12.52,6.134,0.152,0.0767046,0.178
"2023-03-03 10:37:06",9581,12.52,6.113,0.153,0.07671461,0.149
"2023-03-03 10:37:08",9582,12.52,6.113,0.152,0.07673469,0.169
"2023-03-03 10:37:10",9583,12.52,6.113,0.152,0.0767246,0.169
"2023-03-03 10:37:12",9584,12.52,6.091,0.152,0.0767246,0.207
"2023-03-03 10:37:14",9585,12.52,6.091,0.152,0.07673469,0.207
"2023-03-03 10:37:16",9586,12.52,6.068,0.152,0.07676472,0.188
"2023-03-03 10:37:18",9587,12.52,6.068,0.152,0.07673469,0.207
"2023-03-03 10:37:20",9588,12.52,6.068,0.152,0.07675471,0.207
"2023-03-03 10:37:22",9589,12.52,6.048,0.152,0.07676472,0.226
"2023-03-03 10:37:24",9590,12.52,6.048,0.152,0.07676472,0.217
"2023-03-03 10:37:26",9591,12.52,6.025,0.152,0.07676472,0.246
"2023-03-03 10:37:28",9592,12.52,6.025,0.152,0.07676472,0.198
"2023-03-03 10:37:30",9593,12.52,6.025,0.152,0.07676472,0.188
"2023-03-03 10:37:32",9594,12.52,6.005,0.152,0.07676472,0.226
"2023-03-03 10:37:34",9595,12.52,6.005,0.152,0.07678473,0.207
"2023-03-03 10:37:36",9596,12.52,5.982,0.152,0.07678473,0.198
"2023-03-03 10:37:38",9597,12.52,5.982,0.152,0.07679483,0.255
"2023-03-03 10:37:40",9598,12.52,5.982,0.152,0.07680483,0.198
"2023-03-03 10:37:42",9599,12.52,5.96,0.152,0.07680483,0.226
"2023-03-03 10:37:44",9600,12.52,5.96,0.152,0.07680483,0.217
"2023-03-03 10:37:46",9601,12.52,5.939,0.152,0.07680483,0.246
"2023-03-03 10:37:48",9602,12.52,5.939,0.152,0.07681485,0.217
"2023-03-03 10:37:50",9603,12.52,5.917,0.152,0.07681485,0.217
"2023-03-03 10:37:52",9604,12.52,5.917,0.152,0.07681485,0.236
"2023-03-03 10:37:54",9605,12.52,5.896,0.152,0.07682486,0.226
"2023-03-03 10:37:56",9606,12.52,5.896,0.152,0.07682486,0.265
"2023-03-03 10:37:58",9607,12.52,5.896,0.152,0.07682486,0.246
"2023-03-03 10:38:00",9608,12.52,5.874,0.152,0.07682486,0.226
"2023-03-03 10:38:02",9609,12.52,5.874,0.152,0.07683495,0.236
"2023-03-03 10:38:04",9610,12.52,5.851,0.152,0.07684496,0.255
"2023-03-03 10:38:06",9611,12.51,5.851,0.152,0.07685496,0.246
"2023-03-03 10:38:08",9612,12.51,5.831,0.152,0.07686497,0.217
"2023-03-03 10:38:10",9613,12.51,5.831,0.152,0.07686497,0.265
"2023-03-03 10:38:12",9614,12.51,5.831,0.152,0.07685496,0.255
"2023-03-03 10:38:14",9615,12.51,5.808,0.152,0.07687498,0.246
"2023-03-03 10:38:16",9616,12.51,5.808,0.152,0.07687498,0.217
"2023-03-03 10:38:18",9617,12.51,5.808,0.152,0.07687498,0.275
"2023-03-03 10:38:20",9618,12.51,5.788,0.152,0.07688499,0.255
"2023-03-03 10:38:22",9619,12.51,5.788,0.152,0.07688499,0.265
"2023-03-03 10:38:24",9620,12.51,5.765,0.152,0.07688499,0.246
"2023-03-03 10:38:26",9621,12.51,5.765,0.152,0.07688499,0.236
"2023-03-03 10:38:28",9622,12.51,5.765,0.152,0.07688499,0.265
"2023-03-03 10:38:30",9623,12.51,5.743,0.152,0.07688499,0.255
"2023-03-03 10:38:32",9624,12.51,5.743,0.152,0.07688499,0.255
"2023-03-03 10:38:34",9625,12.51,5.722,0.152,0.07689508,0.255
"2023-03-03 10:38:36",9626,12.51,5.722,0.152,0.07689508,0.275
"2023-03-03 10:38:38",9627,12.51,5.722,0.152,0.0769051,0.304
"2023-03-03 10:38:40",9628,12.51,5.722,0.152,0.0769051,0.255
"2023-03-03 10:38:42",9629,12.51,5.7,0.152,0.0769051,0.255
"2023-03-03 10:38:44",9630,12.51,5.7,0.152,0.0769151,0.255
"2023-03-03 10:38:46",9631,12.51,5.68,0.152,0.0769151,0.236
"2023-03-03 10:38:48",9632,12.51,5.68,0.152,0.07692511,0.294
"2023-03-03 10:38:50",9633,12.51,5.68,0.152,0.07692511,0.275
"2023-03-03 10:38:52",9634,12.51,5.68,0.152,0.07692511,0.275
"2023-03-03 10:38:54",9635,12.51,5.657,0.152,0.07694522,0.294
"2023-03-03 10:38:56",9636,12.51,5.657,0.152,0.07693522,0.246
"2023-03-03 10:38:58",9637,12.51,5.657,0.152,0.07694522,0.275
"2023-03-03 10:39:00",9638,12.51,5.637,0.152,0.07694522,0.275
"2023-03-03 10:39:02",9639,12.51,5.637,0.152,0.07694522,0.246
"2023-03-03 10:39:04",9640,12.51,5.637,0.152,0.07694522,0.275
"2023-03-03 10:39:06",9641,12.51,5.637,0.152,0.07695524,0.255
"2023-03-03 10:39:08",9642,12.51,5.637,0.152,0.07695524,0.284
"2023-03-03 10:39:10",9643,12.51,5.614,0.152,0.07695524,0.294
"2023-03-03 10:39:12",9644,12.51,5.614,0.152,0.07695524,0.313
"2023-03-03 10:39:14",9645,12.51,5.614,0.152,0.07696524,0.265
"2023-03-03 10:39:16",9646,12.51,5.614,0.152,0.07697525,0.304
"2023-03-03 10:39:18",9647,12.51,5.591,0.152,0.07698525,0.246
"2023-03-03 10:39:20",9648,12.51,5.591,0.152,0.07698525,0.294
"2023-03-03 10:39:22",9649,12.51,5.591,0.152,0.07698525,0.294
"2023-03-03 10:39:24",9650,12.51,5.571,0.152,0.07699536,0.304
"2023-03-03 10:39:26",9651,12.51,5.571,0.152,0.07699536,0.313
"2023-03-03 10:39:28",9652,12.51,5.548,0.152,0.07699536,0.265
"2023-03-03 10:39:30",9653,12.51,5.548,0.152,0.07699536,0.294
"2023-03-03 10:39:32",9654,12.51,5.548,0.152,0.07699536,0.294
"2023-03-03 10:39:34",9655,12.51,5.528,0.152,0.07699536,0.275
"2023-03-03 10:39:36",9656,12.51,5.528,0.152,0.07700536,0.304
"2023-03-03 10:39:38",9657,12.5,5.506,0.152,0.07700536,0.275
"2023-03-03 10:39:40",9658,12.51,5.506,0.152,0.07701538,0.304
"2023-03-03 10:39:42",9659,12.51,5.463,0.152,0.07701538,0.313
"2023-03-03 10:39:44",9660,12.51,5.42,0.152,0.07701538,0.294
"2023-03-03 10:39:46",9661,12.51,5.44,0.152,0.07701538,0.284
"2023-03-03 10:39:48",9662,12.5,5.44,0.152,0.07701538,0.304
"2023-03-03 10:39:50",9663,12.5,5.44,0.152,0.07701538,0.255
"2023-03-03 10:39:52",9664,12.51,5.42,0.152,0.07701538,0.304
"2023-03-03 10:39:54",9665,12.5,5.42,0.152,0.07702538,0.265
"2023-03-03 10:39:56",9666,12.5,5.42,0.152,0.07702538,0.275
"2023-03-03 10:39:58",9667,12.5,5.42,0.152,0.0770354,0.304
"2023-03-03 10:40:00",9668,12.5,5.397,0.152,0.0770354,0.284
"2023-03-03 10:40:02",9669,12.5,5.397,0.152,0.0770354,0.304
"2023-03-03 10:40:04",9670,12.5,5.377,0.152,0.0770354,0.294
"2023-03-03 10:40:06",9671,12.5,5.377,0.152,0.0770354,0.294
"2023-03-03 10:40:08",9672,12.5,5.377,0.152,0.0770354,0.275
"2023-03-03 10:40:10",9673,12.5,5.354,0.152,0.0770354,0.275
"2023-03-03 10:40:12",9674,12.5,5.334,0.152,0.07704549,0.275
"2023-03-03 10:40:14",9675,12.5,5.311,0.152,0.07704549,0.284
"2023-03-03 10:40:16",9676,12.5,5.311,0.152,0.0770555,0.323
"2023-03-03 10:40:18",9677,12.5,5.268,0.152,0.0770555,0.294
"2023-03-03 10:40:20",9678,12.5,5.246,0.152,0.0770555,0.304
"2023-03-03 10:40:22",9679,12.5,5.246,0.152,0.0770555,0.313
"2023-03-03 10:40:24",9680,12.5,5.246,0.152,0.07706552,0.332
"2023-03-03 10:40:26",9681,12.5,5.225,0.152,0.07706552,0.284
"2023-03-03 10:40:28",9682,12.5,5.225,0.152,0.07706552,0.304
"2023-03-03 10:40:30",9683,12.5,5.225,0.152,0.07707553,0.304
"2023-03-03 10:40:32",9684,12.5,5.225,0.152,0.07707553,0.313
"2023-03-03 10:40:34",9685,12.5,5.225,0.152,0.07707553,0.284
"2023-03-03 10:40:36",9686,12.5,5.203,0.152,0.07707553,0.304
"2023-03-03 10:40:38",9687,12.5,5.182,0.152,0.07707553,0.284
"2023-03-03 10:40:40",9688,12.5,5.14,0.152,0.07707553,0.294
"2023-03-03 10:40:42",9689,12.5,5.14,0.152,0.07707553,0.313
"2023-03-03 10:40:44",9690,12.5,5.14,0.152,0.07708554,0.294
"2023-03-03 10:40:46",9691,12.5,5.14,0.152,0.07707553,0.294
"2023-03-03 10:40:48",9692,12.5,5.14,0.152,0.07709555,0.332
"2023-03-03 10:40:50",9693,12.5,5.117,0.152,0.07709555,0.323
"2023-03-03 10:40:52",9694,12.5,5.117,0.153,0.07710566,0.275
"2023-03-03 10:40:54",9695,12.5,5.097,0.152,0.07710566,0.313
"2023-03-03 10:40:56",9696,12.5,5.097,0.152,0.07711566,0.294
"2023-03-03 10:40:58",9697,12.5,5.097,0.152,0.07710566,0.304
"2023-03-03 10:41:00",9698,12.5,5.074,0.152,0.07709555,0.304
"2023-03-03 10:41:02",9699,12.5,5.074,0.152,0.07711566,0.284
"2023-03-03 10:41:04",9700,12.5,5.074,0.152,0.07711566,0.304
"2023-03-03 10:41:06",9701,12.5,5.051,0.152,0.07711566,0.323
"2023-03-03 10:41:08",9702,12.5,5.051,0.152,0.07711566,0.323
"2023-03-03 10:41:10",9703,12.5,5.009,0.152,0.07711566,0.304
"2023-03-03 10:41:12",9704,12.5,5.009,0.152,0.07711566,0.323
"2023-03-03 10:41:14",9705,12.5,4.988,0.152,0.07711566,0.323
"2023-03-03 10:41:16",9706,12.5,4.988,0.152,0.07711566,0.304
"2023-03-03 10:41:18",9707,12.5,4.988,0.152,0.07711566,0.284
"2023-03-03 10:41:20",9708,12.5,4.988,0.152,0.07712568,0.294
"2023-03-03 10:41:22",9709,12.5,4.966,0.152,0.07713568,0.304
"2023-03-03 10:41:24",9710,12.5,4.966,0.152,0.07713568,0.342
"2023-03-03 10:41:26",9711,12.5,4.966,0.153,0.07713568,0.284
"2023-03-03 10:41:28",9712,12.5,4.945,0.152,0.07713568,0.294
"2023-03-03 10:41:30",9713,12.5,4.945,0.152,0.07713568,0.294
"2023-03-03 10:41:32",9714,12.5,4.923,0.152,0.07713568,0.304
"2023-03-03 10:41:34",9715,12.5,4.923,0.153,0.07713568,0.284
"2023-03-03 10:41:36",9716,12.5,4.923,0.152,0.07713568,0.304
"2023-03-03 10:41:38",9717,12.5,4.902,0.153,0.07713568,0.275
"2023-03-03 10:41:40",9718,12.5,4.902,0.152,0.07713568,0.304
"2023-03-03 10:41:42",9719,12.5,4.902,0.152,0.07713568,0.304
"2023-03-03 10:41:44",9720,12.5,4.88,0.153,0.07713568,0.284
"2023-03-03 10:41:46",9721,12.5,4.88,0.152,0.0771558,0.304
"2023-03-03 10:41:48",9722,12.5,4.88,0.152,0.07716581,0.313
"2023-03-03 10:41:50",9723,12.5,4.88,0.153,0.07714579,0.284
"2023-03-03 10:41:52",9724,12.5,4.859,0.153,0.07717583,0.294
"2023-03-03 10:41:54",9725,12.5,4.859,0.152,0.07716581,0.352
"2023-03-03 10:41:56",9726,12.5,4.859,0.153,0.07717583,0.275
"2023-03-03 10:41:58",9727,12.5,4.837,0.152,0.07717583,0.342
"2023-03-03 10:42:00",9728,12.5,4.816,0.152,0.07717583,0.332
"2023-03-03 10:42:02",9729,12.5,4.794,0.152,0.07717583,0.323
"2023-03-03 10:42:04",9730,12.5,4.794,0.152,0.07717583,0.332
"2023-03-03 10:42:06",9731,12.5,4.771,0.153,0.07717583,0.284
"2023-03-03 10:42:08",9732,12.5,4.794,0.153,0.07717583,0.265
"2023-03-03 10:42:10",9733,12.5,4.794,0.152,0.07718584,0.332
"2023-03-03 10:42:12",9734,12.5,4.771,0.153,0.07717583,0.304
"2023-03-03 10:42:14",9735,12.5,4.771,0.152,0.07717583,0.313
"2023-03-03 10:42:16",9736,12.5,4.771,0.152,0.07717583,0.313
"2023-03-03 10:42:18",9737,12.5,4.771,0.152,0.07718584,0.313
"2023-03-03 10:42:20",9738,12.5,4.751,0.152,0.07718584,0.313
"2023-03-03 10:42:22",9739,12.5,4.751,0.152,0.07718584,0.323
"2023-03-03 10:42:24",9740,12.5,4.751,0.152,0.07718584,0.323
"2023-03-03 10:42:26",9741,12.5,4.751,0.152,0.07719585,0.323
"2023-03-03 10:42:28",9742,12.5,4.728,0.153,0.07720596,0.304
"2023-03-03 10:42:30",9743,12.5,4.728,0.153,0.07721597,0.304
"2023-03-03 10:42:32",9744,12.5,4.708,0.152,0.07721597,0.323
"2023-03-03 10:42:34",9745,12.5,4.708,0.153,0.07721597,0.304
"2023-03-03 10:42:36",9746,12.5,4.708,0.152,0.07721597,0.342
"2023-03-03 10:42:38",9747,12.5,4.708,0.152,0.07721597,0.332
"2023-03-03 10:42:40",9748,12.5,4.708,0.153,0.07721597,0.294
"2023-03-03 10:42:42",9749,12.5,4.685,0.153,0.07721597,0.284
"2023-03-03 10:42:44",9750,12.5,4.685,0.153,0.07721597,0.304
"2023-03-03 10:42:46",9751,12.5,4.685,0.153,0.07721597,0.313
"2023-03-03 10:42:48",9752,12.5,4.665,0.153,0.07721597,0.284
"2023-03-03 10:42:50",9753,12.5,4.665,0.153,0.07721597,0.294
"2023-03-03 10:42:52",9754,12.5,4.665,0.153,0.07721597,0.313
"2023-03-03 10:42:54",9755,12.5,4.665,0.153,0.07723599,0.275
"2023-03-03 10:42:56",9756,12.5,4.643,0.153,0.07723599,0.284
"2023-03-03 10:42:58",9757,12.5,4.643,0.152,0.07723599,0.342
"2023-03-03 10:43:00",9758,12.5,4.643,"NAN","NAN",0.294
"2023-03-03 10:43:02",9759,12.5,4.643,"NAN","NAN",0.332
"2023-03-03 10:43:04",9760,12.5,4.622,"NAN","NAN",0.323
"2023-03-03 10:43:06",9761,12.5,4.622,"NAN","NAN",0.294
"2023-03-03 10:43:08",9762,12.5,4.622,"NAN","NAN",0.284
"2023-03-03 10:43:10",9763,12.5,4.622,0.148,0.07466272,0.304
"2023-03-03 10:43:12",9764,12.5,4.622,0.149,0.07527268,0.304
"2023-03-03 10:43:14",9765,12.5,4.6,0.149,0.07544272,0.265
"2023-03-03 10:43:16",9766,12.5,4.6,0.149,0.07554277,0.313
"2023-03-03 10:43:18",9767,12.5,4.6,0.149,0.0756028,0.323
"2023-03-03 10:43:20",9768,12.5,4.6,0.149,0.07565284,0.313
"2023-03-03 10:43:22",9769,12.5,4.579,0.149,0.07569289,0.323
"2023-03-03 10:43:24",9770,12.5,4.579,0.15,0.07573295,0.323
"2023-03-03 10:43:26",9771,12.5,4.579,0.15,0.075773,0.342
"2023-03-03 10:43:28",9772,12.5,4.579,0.15,0.07579298,0.313
"2023-03-03 10:43:30",9773,12.5,4.579,0.15,0.07583304,0.313
"2023-03-03 10:43:32",9774,12.5,4.557,0.15,0.07584304,0.304
"2023-03-03 10:43:34",9775,12.5,4.557,0.15,0.07587311,0.284
"2023-03-03 10:43:36",9776,12.5,4.557,0.15,0.0758831,0.294
"2023-03-03 10:43:38",9777,12.5,4.557,0.15,0.0758931,0.313
"2023-03-03 10:43:40",9778,12.5,4.557,0.15,0.07592317,0.294
"2023-03-03 10:43:42",9779,12.5,4.557,0.15,0.07593317,0.294
"2023-03-03 10:43:44",9780,12.5,4.536,0.15,0.07594316,0.284
"2023-03-03 10:43:46",9781,12.5,4.536,0.15,0.07595315,0.323
"2023-03-03 10:43:48",9782,12.5,4.536,0.15,0.07598322,0.294
"2023-03-03 10:43:50",9783,12.5,4.536,0.15,0.07598322,0.294
"2023-03-03 10:43:52",9784,12.5,4.536,0.15,0.07599322,0.332
"2023-03-03 10:43:54",9785,12.5,4.536,0.15,0.0760133,0.323
"2023-03-03 10:43:56",9786,12.5,4.514,0.15,0.0760233,0.313
"2023-03-03 10:43:58",9787,12.5,4.514,0.15,0.07604329,0.323
"2023-03-03 10:44:00",9788,12.5,4.514,0.15,0.07604329,0.294
"2023-03-03 10:44:02",9789,12.5,4.514,0.15,0.07604329,0.304
"2023-03-03 10:44:04",9790,12.5,4.493,0.15,0.07605329,0.313
"2023-03-03 10:44:06",9791,12.5,4.493,0.15,0.07608337,0.284
"2023-03-03 10:44:08",9792,12.5,4.471,0.15,0.07608337,0.313
"2023-03-03 10:44:10",9793,12.5,4.471,0.151,0.07608337,0.255
"2023-03-03 10:44:12",9794,12.5,4.471,0.15,0.07608337,0.304
"2023-03-03 10:44:14",9795,12.5,4.451,0.15,0.07611344,0.323
"2023-03-03 10:44:16",9796,12.5,4.451,0.15,0.07611344,0.294
"2023-03-03 10:44:18",9797,12.5,4.451,0.15,0.07612344,0.294
"2023-03-03 10:44:20",9798,12.5,4.451,0.151,0.07612344,0.275
"2023-03-03 10:44:22",9799,12.5,4.451,0.15,0.07613344,0.294
"2023-03-03 10:44:24",9800,12.5,4.451,0.15,0.07614343,0.332
"2023-03-03 10:44:26",9801,12.5,4.428,0.151,0.07614343,0.284
"2023-03-03 10:44:28",9802,12.5,4.428,0.151,0.07616352,0.284
"2023-03-03 10:44:30",9803,12.5,4.408,0.151,0.07617351,0.284
"2023-03-03 10:44:32",9804,12.5,4.408,0.151,0.07618352,0.304
"2023-03-03 10:44:34",9805,12.5,4.408,0.15,0.07618352,0.323
"2023-03-03 10:44:36",9806,12.5,4.408,0.15,0.07618352,0.342
"2023-03-03 10:44:38",9807,12.49,4.385,0.151,0.07618352,0.294
"2023-03-03 10:44:40",9808,12.5,4.385,0.151,0.07619351,0.294
"2023-03-03 10:44:42",9809,12.49,4.385,0.15,0.07620351,0.323
"2023-03-03 10:44:44",9810,12.5,4.385,0.151,0.0762136,0.313
"2023-03-03 10:44:46",9811,12.49,4.365,0.151,0.0762136,0.284
"2023-03-03 10:44:48",9812,12.49,4.365,0.151,0.0762236,0.275
"2023-03-03 10:44:50",9813,12.5,4.365,0.151,0.0762336,0.265
"2023-03-03 10:44:52",9814,12.5,4.365,0.151,0.0762236,0.313
"2023-03-03 10:44:54",9815,12.49,4.342,0.151,0.0762336,0.284
"2023-03-03 10:44:56",9816,12.5,4.342,0.151,0.07624359,0.294
"2023-03-03 10:44:58",9817,12.49,4.322,0.15,0.0762336,0.342
"2023-03-03 10:45:00",9818,12.49,4.322,0.151,0.07624359,0.294
"2023-03-03 10:45:02",9819,12.49,4.322,0.151,0.07624359,0.294
"2023-03-03 10:45:04",9820,12.5,4.299,0.151,0.07624359,0.323
"2023-03-03 10:45:06",9821,12.49,4.299,0.151,0.07624359,0.294
"2023-03-03 10:45:08",9822,12.49,4.256,0.151,0.07624359,0.304
"2023-03-03 10:45:10",9823,12.49,4.256,0.151,0.07625359,0.323
"2023-03-03 10:45:12",9824,12.49,4.279,0.151,0.07627368,0.304
"2023-03-03 10:45:14",9825,12.49,4.236,0.151,0.07628368,0.246
"2023-03-03 10:45:16",9826,12.49,4.236,0.151,0.07628368,0.313
"2023-03-03 10:45:18",9827,12.49,4.213,0.151,0.07628368,0.294
"2023-03-03 10:45:20",9828,12.49,4.213,0.151,0.07628368,0.294
"2023-03-03 10:45:22",9829,12.49,4.213,0.151,0.07629368,0.323
"2023-03-03 10:45:24",9830,12.49,4.193,0.151,0.07629368,0.284
"2023-03-03 10:45:26",9831,12.49,4.193,0.151,0.07629368,0.275
"2023-03-03 10:45:28",9832,12.49,4.193,0.151,0.07630368,0.313
"2023-03-03 10:45:30",9833,12.49,4.193,0.151,0.07630368,0.304
"2023-03-03 10:45:32",9834,12.49,4.193,0.151,0.07632376,0.284
"2023-03-03 10:45:34",9835,12.49,4.193,0.151,0.07638387,0.284
"2023-03-03 10:45:36",9836,12.49,4.17,0.151,0.07655425,0.284
"2023-03-03 10:45:38",9837,12.49,4.17,0.153,0.07746679,0.304
"2023-03-03 10:45:40",9838,12.49,4.15,0.158,0.08011098,0.284
"2023-03-03 10:45:42",9839,12.49,4.15,0.162,0.08192652,0.304
"2023-03-03 10:45:44",9840,12.49,4.127,0.179,0.0908308,0.313
"2023-03-03 10:45:46",9841,12.49,4.127,0.205,0.1038514,0.284
"2023-03-03 10:45:48",9842,12.49,4.107,0.223,0.1129142,0.265
"2023-03-03 10:45:50",9843,12.49,4.107,0.254,0.1282488,0.255
"2023-03-03 10:45:52",9844,12.49,4.107,0.272,0.1373784,0.294
"2023-03-03 10:45:54",9845,12.49,4.107,0.295,0.1492399,0.284
"2023-03-03 10:45:56",9846,12.49,4.084,0.304,0.1536876,0.294
"2023-03-03 10:45:58",9847,12.49,4.084,0.325,0.1644742,0.275
"2023-03-03 10:46:00",9848,12.49,4.042,0.343,0.1737005,0.294
"2023-03-03 10:46:02",9849,12.49,4.042,0.357,0.1808414,0.304
"2023-03-03 10:46:04",9850,12.49,4.021,0.353,0.178415,0.284
"2023-03-03 10:46:06",9851,12.49,3.999,0.348,0.1763415,0.352
"2023-03-03 10:46:08",9852,12.49,3.978,0.344,0.1741591,0.294
"2023-03-03 10:46:10",9853,12.49,3.978,0.335,0.1696996,0.294
"2023-03-03 10:46:12",9854,12.49,3.978,0.33,0.1669687,0.294
"2023-03-03 10:46:14",9855,12.49,3.978,0.316,0.1597355,0.284
"2023-03-03 10:46:16",9856,12.49,3.978,0.306,0.1549156,0.284
"2023-03-03 10:46:18",9857,12.49,3.978,0.293,0.1483535,0.323
"2023-03-03 10:46:20",9858,12.49,3.978,0.278,0.1406444,0.304
"2023-03-03 10:46:22",9859,12.49,3.956,0.275,0.1393311,0.313
"2023-03-03 10:46:24",9860,12.49,3.956,0.254,0.1284861,0.304
"2023-03-03 10:46:26",9861,12.49,3.956,0.241,0.1221586,0.294
"2023-03-03 10:46:28",9862,12.49,3.935,0.237,0.1198096,0.294
"2023-03-03 10:46:30",9863,12.49,3.935,0.223,0.1130831,0.323
"2023-03-03 10:46:32",9864,12.49,3.935,0.214,0.1082529,0.294
"2023-03-03 10:46:34",9865,12.49,3.935,0.21,0.1060644,0.304
"2023-03-03 10:46:36",9866,12.49,3.913,0.205,0.1039765,0.342
"2023-03-03 10:46:38",9867,12.49,3.913,0.198,0.1000577,0.323
"2023-03-03 10:46:40",9868,12.49,3.913,0.195,0.09864925,0.332
"2023-03-03 10:46:42",9869,12.49,3.892,0.187,0.09454395,0.313
"2023-03-03 10:46:44",9870,12.49,3.87,0.185,0.09349567,0.304
"2023-03-03 10:46:46",9871,12.49,3.87,0.181,0.09144486,0.265
"2023-03-03 10:46:48",9872,12.49,3.87,0.179,0.09064665,0.313
"2023-03-03 10:46:50",9873,12.49,3.87,0.178,0.08981876,0.284
"2023-03-03 10:46:52",9874,12.49,3.85,0.174,0.08805376,0.294
"2023-03-03 10:46:54",9875,12.49,3.85,0.171,0.08664905,0.284
"2023-03-03 10:46:56",9876,12.49,3.85,0.169,0.08555176,0.332
"2023-03-03 10:46:58",9877,12.49,3.85,0.17,0.08604934,0.332
"2023-03-03 10:47:00",9878,12.49,3.827,0.169,0.08535887,0.284
"2023-03-03 10:47:02",9879,12.49,3.827,0.166,0.08374692,0.284
"2023-03-03 10:47:04",9880,12.49,3.827,0.164,0.08310924,0.352
"2023-03-03 10:47:06",9881,12.49,3.827,0.162,0.08202752,0.284
"2023-03-03 10:47:08",9882,12.49,3.827,0.161,0.08155297,0.284
"2023-03-03 10:47:10",9883,12.49,3.807,0.161,0.08138134,0.304
"2023-03-03 10:47:12",9884,12.49,3.807,0.16,0.0809173,0.323
"2023-03-03 10:47:14",9885,12.49,3.807,0.159,0.08052409,0.294
"2023-03-03 10:47:16",9886,12.49,3.807,0.158,0.08019161,0.323
"2023-03-03 10:47:18",9887,12.49,3.807,0.158,0.08008073,0.332
"2023-03-03 10:47:20",9888,12.49,3.784,0.157,0.07946659,0.332
"2023-03-03 10:47:22",9889,12.49,3.784,0.157,0.07934587,0.304
"2023-03-03 10:47:24",9890,12.49,3.784,0.156,0.07897362,0.304
"2023-03-03 10:47:26",9891,12.49,3.784,0.156,0.0788831,0.294
"2023-03-03 10:47:28",9892,12.49,3.784,0.156,0.07867199,0.284
"2023-03-03 10:47:30",9893,12.49,3.784,0.156,0.07865192,0.265
"2023-03-03 10:47:32",9894,12.49,3.764,0.155,0.07862173,0.294
"2023-03-03 10:47:34",9895,12.49,3.764,0.155,0.07847097,0.275
"2023-03-03 10:47:36",9896,12.49,3.764,0.155,0.0783002,0.304
"2023-03-03 10:47:38",9897,12.49,3.764,0.154,0.07800888,0.304
"2023-03-03 10:47:40",9898,12.49,3.764,0.154,0.07795867,0.304
"2023-03-03 10:47:42",9899,12.49,3.741,0.154,0.07780807,0.323
"2023-03-03 10:47:44",9900,12.49,3.741,0.154,0.07780807,0.313
"2023-03-03 10:47:46",9901,12.49,3.741,0.153,0.07775787,0.332
"2023-03-03 10:47:48",9902,12.49,3.741,0.154,0.07775787,0.323
"2023-03-03 10:47:50",9903,12.49,3.741,0.154,0.07763737,0.275
"2023-03-03 10:47:52",9904,12.49,3.741,0.153,0.0775471,0.284
"2023-03-03 10:47:54",9905,12.49,3.741,0.153,0.07751696,0.294
"2023-03-03 10:47:56",9906,12.49,3.741,0.153,0.07739649,0.332
"2023-03-03 10:47:58",9907,12.49,3.741,0.153,0.07735643,0.284
"2023-03-03 10:48:00",9908,12.49,3.721,0.153,0.07728615,0.294
"2023-03-03 10:48:02",9909,12.49,3.721,0.153,0.07727614,0.304
"2023-03-03 10:48:04",9910,12.49,3.721,0.153,0.07722598,0.294
"2023-03-03 10:48:06",9911,12.49,3.721,0.153,0.0771558,0.265
"2023-03-03 10:48:08",9912,12.49,3.721,0.152,0.07711566,0.304
"2023-03-03 10:48:10",9913,12.49,3.721,0.152,0.07711566,0.313
"2023-03-03 10:48:12",9914,12.49,3.698,0.152,0.07707553,0.284
"2023-03-03 10:48:14",9915,12.49,3.698,0.152,0.0770454,0.313
"2023-03-03 10:48:16",9916,12.49,3.698,0.152,0.0770354,0.284
"2023-03-03 10:48:18",9917,12.49,3.698,0.152,0.07699527,0.294
"2023-03-03 10:48:20",9918,12.49,3.698,0.152,0.07697525,0.313
"2023-03-03 10:48:22",9919,12.49,3.698,0.152,0.07697525,0.275
"2023-03-03 10:48:24",9920,12.49,3.698,0.152,0.07695524,0.323
"2023-03-03 10:48:26",9921,12.49,3.678,0.152,0.07694513,0.284
"2023-03-03 10:48:28",9922,12.49,3.678,0.152,0.07693512,0.332
"2023-03-03 10:48:30",9923,12.49,3.678,0.152,0.076895,0.304
"2023-03-03 10:48:32",9924,12.49,3.678,0.152,0.076895,0.313
"2023-03-03 10:48:34",9925,12.49,3.655,0.152,0.07688499,0.275
"2023-03-03 10:48:36",9926,12.49,3.655,0.152,0.07685496,0.342
"2023-03-03 10:48:38",9927,12.49,3.655,0.152,0.07685496,0.313
"2023-03-03 10:48:40",9928,12.49,3.655,0.152,0.07682486,0.284
"2023-03-03 10:48:42",9929,12.49,3.655,0.152,0.07682486,0.323
"2023-03-03 10:48:44",9930,12.49,3.655,0.152,0.07682486,0.294
"2023-03-03 10:48:46",9931,12.49,3.655,0.152,0.07681485,0.323
"2023-03-03 10:48:48",9932,12.49,3.635,0.152,0.07681485,0.313
"2023-03-03 10:48:50",9933,12.49,3.635,0.152,0.07681485,0.284
"2023-03-03 10:48:52",9934,12.49,3.635,0.152,0.07679474,0.313
"2023-03-03 10:48:54",9935,12.49,3.635,0.152,0.07677473,0.323
"2023-03-03 10:48:56",9936,12.49,3.635,0.152,0.07679474,0.275
"2023-03-03 10:48:58",9937,12.49,3.612,0.151,0.07677473,0.352
"2023-03-03 10:49:00",9938,12.49,3.612,0.152,0.07677473,0.275
"2023-03-03 10:49:02",9939,12.49,3.612,0.152,0.07677473,0.323
"2023-03-03 10:49:04",9940,12.49,3.612,0.152,0.07677473,0.313
"2023-03-03 10:49:06",9941,12.49,3.612,0.152,0.07675471,0.313
"2023-03-03 10:49:08",9942,12.49,3.612,0.152,0.07675471,0.294
"2023-03-03 10:49:10",9943,12.49,3.612,0.152,0.07674462,0.284
"2023-03-03 10:49:12",9944,12.49,3.612,0.151,0.07674462,0.342
"2023-03-03 10:49:14",9945,12.49,3.612,0.152,0.07674462,0.284
"2023-03-03 10:49:16",9946,12.49,3.612,0.152,0.07673462,0.304
"2023-03-03 10:49:18",9947,12.49,3.612,0.152,0.07674462,0.304
"2023-03-03 10:49:20",9948,12.49,3.592,0.152,0.07674462,0.313
"2023-03-03 10:49:22",9949,12.49,3.592,0.152,0.07674462,0.304
"2023-03-03 10:49:24",9950,12.49,3.592,0.152,0.0767246,0.294
"2023-03-03 10:49:26",9951,12.49,3.592,0.152,0.0767246,0.294
"2023-03-03 10:49:28",9952,12.49,3.592,0.152,0.07673462,0.313
"2023-03-03 10:49:30",9953,12.49,3.592,0.152,0.07671461,0.304
"2023-03-03 10:49:32",9954,12.49,3.592,0.152,0.07671461,0.304
"2023-03-03 10:49:34",9955,12.49,3.592,0.151,0.07671461,0.332
"2023-03-03 10:49:36",9956,12.49,3.592,0.152,0.07671461,0.284
"2023-03-03 10:49:38",9957,12.49,3.592,0.152,0.07671461,0.304
"2023-03-03 10:49:40",9958,12.49,3.592,0.152,0.07671461,0.304
"2023-03-03 10:49:42",9959,12.49,3.592,0.151,0.07671461,0.323
"2023-03-03 10:49:44",9960,12.49,3.592,0.152,0.07671461,0.275
"2023-03-03 10:49:46",9961,12.49,3.569,0.152,0.07671461,0.313
"2023-03-03 10:49:48",9962,12.49,3.569,0.152,0.07671461,0.284
"2023-03-03 10:49:50",9963,12.49,3.569,0.152,0.07671461,0.313
"2023-03-03 10:49:52",9964,12.49,3.569,0.152,0.07671461,0.304
"2023-03-03 10:49:54",9965,12.49,3.569,0.152,0.07671461,0.313
"2023-03-03 10:49:56",9966,12.49,3.569,0.152,0.07671461,0.313
"2023-03-03 10:49:58",9967,12.49,3.569,0.152,0.07671461,0.313
"2023-03-03 10:50:00",9968,12.49,3.569,0.152,0.07671461,0.284
"2023-03-03 10:50:02",9969,12.49,3.569,0.152,0.07671461,0.313
"2023-03-03 10:50:04",9970,12.49,3.569,0.151,0.07671461,0.323
"2023-03-03 10:50:06",9971,12.49,3.569,0.152,0.0767046,0.275
"2023-03-03 10:50:08",9972,12.49,3.569,0.152,0.0767046,0.294
"2023-03-03 10:50:10",9973,12.49,3.569,0.152,0.0767046,0.284
"2023-03-03 10:50:12",9974,12.49,3.569,0.152,0.0767046,0.275
"2023-03-03 10:50:14",9975,12.49,3.569,0.152,0.0767046,0.294
"2023-03-03 10:50:16",9976,12.49,3.569,0.152,0.0767046,0.304
"2023-03-03 10:50:18",9977,12.49,3.569,0.152,0.0767046,0.313
"2023-03-03 10:50:20",9978,12.49,3.569,0.152,0.0767046,0.313
"2023-03-03 10:50:22",9979,12.49,3.569,0.152,0.0767046,0.294
"2023-03-03 10:50:24",9980,12.49,3.569,0.152,0.0767046,0.265
"2023-03-03 10:50:26",9981,12.49,3.569,0.152,0.0767046,0.304
"2023-03-03 10:50:28",9982,12.49,3.569,0.152,0.0767046,0.304
"2023-03-03 10:50:30",9983,12.49,3.569,0.152,0.0767046,0.313
"2023-03-03 10:50:32",9984,12.49,3.549,0.152,0.0767046,0.284
"2023-03-03 10:50:34",9985,12.49,3.549,0.152,0.0767046,0.294
"2023-03-03 10:50:36",9986,12.49,3.549,0.152,0.0767046,0.313
"2023-03-03 10:50:38",9987,12.49,3.549,0.152,0.0767046,0.284
"2023-03-03 10:50:40",9988,12.49,3.549,0.152,0.0767046,0.284
"2023-03-03 10:50:42",9989,12.49,3.549,0.152,0.0767046,0.304
"2023-03-03 10:50:44",9990,12.49,3.549,0.151,0.07671461,0.323
"2023-03-03 10:50:46",9991,12.49,3.526,0.152,0.07671461,0.304
"2023-03-03 10:50:48",9992,12.49,3.526,0.152,0.07671461,0.284
"2023-03-03 10:50:50",9993,12.49,3.526,0.152,0.07671461,0.313
"2023-03-03 10:50:52",9994,12.49,3.526,0.152,0.0767246,0.313
"2023-03-03 10:50:54",9995,12.49,3.526,0.152,0.0767246,0.304
"2023-03-03 10:50:56",9996,12.49,3.526,0.152,0.0767246,0.294
"2023-03-03 10:50:58",9997,12.49,3.526,0.152,0.0767246,0.294
"2023-03-03 10:51:00",9998,12.49,3.526,0.152,0.0767246,0.284
"2023-03-03 10:51:02",9999,12.49,3.526,0.152,0.0767246,0.313
"2023-03-03 10:51:04",10000,12.49,3.526,0.151,0.0767246,0.332
"2023-03-03 10:51:06",10001,12.49,3.526,0.151,0.07673462,0.332
"2023-03-03 10:51:08",10002,12.49,3.506,0.152,0.0767246,0.284
"2023-03-03 10:51:10",10003,12.49,3.506,0.152,0.07673462,0.313
"2023-03-03 10:51:12",10004,12.49,3.506,0.152,0.0767246,0.284
"2023-03-03 10:51:14",10005,12.49,3.506,0.152,0.07673462,0.294
"2023-03-03 10:51:16",10006,12.49,3.506,0.152,0.07673462,0.294
"2023-03-03 10:51:18",10007,12.49,3.506,0.152,0.07673462,0.275
"2023-03-03 10:51:20",10008,12.49,3.506,0.152,0.07673462,0.313
"2023-03-03 10:51:22",10009,12.49,3.486,0.152,0.07673462,0.284
"2023-03-03 10:51:24",10010,12.49,3.486,0.151,0.07673462,0.332
"2023-03-03 10:51:26",10011,12.49,3.486,0.152,0.07673462,0.313
"2023-03-03 10:51:28",10012,12.49,3.486,0.152,0.07671461,0.284
"2023-03-03 10:51:30",10013,12.49,3.486,0.152,0.07673462,0.304
"2023-03-03 10:51:32",10014,12.49,3.486,0.152,0.07673462,0.294
"2023-03-03 10:51:34",10015,12.49,3.486,0.152,0.07673462,0.323
"2023-03-03 10:51:36",10016,12.49,3.486,0.152,0.07673462,0.304
"2023-03-03 10:51:38",10017,12.49,3.486,0.152,0.07673462,0.304
"2023-03-03 10:51:40",10018,12.49,3.486,0.152,0.07674462,0.313
"2023-03-03 10:51:42",10019,12.49,3.486,0.151,0.07673462,0.352
"2023-03-03 10:51:44",10020,12.49,3.486,0.152,0.07673462,0.304
"2023-03-03 10:51:46",10021,12.49,3.463,0.152,0.07674462,0.304
"2023-03-03 10:51:48",10022,12.49,3.463,0.152,0.07673462,0.294
"2023-03-03 10:51:50",10023,12.49,3.463,0.152,0.07674462,0.294
"2023-03-03 10:51:52",10024,12.49,3.463,0.152,0.07674462,0.284
"2023-03-03 10:51:54",10025,12.49,3.463,0.152,0.07674462,0.313
"2023-03-03 10:51:56",10026,12.49,3.463,0.152,0.07674462,0.304
"2023-03-03 10:51:58",10027,12.49,3.443,0.151,0.07674462,0.332
"2023-03-03 10:52:00",10028,12.49,3.443,0.152,0.07674462,0.284
"2023-03-03 10:52:02",10029,12.49,3.443,0.151,0.07674462,0.342
"2023-03-03 10:52:04",10030,12.49,3.443,0.151,0.07674462,0.332
"2023-03-03 10:52:06",10031,12.49,3.443,0.152,0.07675471,0.294
"2023-03-03 10:52:08",10032,12.49,3.443,0.151,0.07674462,0.342
"2023-03-03 10:52:10",10033,12.49,3.443,0.152,0.07675471,0.304
"2023-03-03 10:52:12",10034,12.49,3.443,0.152,0.07675471,0.294
"2023-03-03 10:52:14",10035,12.49,3.443,0.152,0.07675471,0.275
"2023-03-03 10:52:16",10036,12.49,3.443,0.152,0.07675471,0.323
"2023-03-03 10:52:18",10037,12.49,3.443,0.152,0.07676472,0.332
"2023-03-03 10:52:20",10038,12.49,3.42,0.152,0.07676472,0.313
"2023-03-03 10:52:22",10039,12.49,3.42,0.152,0.07676472,0.294
"2023-03-03 10:52:24",10040,12.49,3.42,0.152,0.07676472,0.304
"2023-03-03 10:52:26",10041,12.49,3.42,0.152,0.07676472,0.304
"2023-03-03 10:52:28",10042,12.49,3.42,0.152,0.07676472,0.313
"2023-03-03 10:52:30",10043,12.49,3.42,0.152,0.07677473,0.313
"2023-03-03 10:52:32",10044,12.49,3.4,0.152,0.07677473,0.313
"2023-03-03 10:52:34",10045,12.49,3.4,0.152,0.07677473,0.313
"2023-03-03 10:52:36",10046,12.49,3.4,0.152,0.07677473,0.313
"2023-03-03 10:52:38",10047,12.49,3.4,0.152,0.07677473,0.313
"2023-03-03 10:52:40",10048,12.49,3.4,0.152,0.07678473,0.304
"2023-03-03 10:52:42",10049,12.49,3.4,0.152,0.07677473,0.323
"2023-03-03 10:52:44",10050,12.49,3.4,0.152,0.07677473,0.313
"2023-03-03 10:52:46",10051,12.49,3.4,0.151,0.07678473,0.342
"2023-03-03 10:52:48",10052,12.49,3.4,0.152,0.07679474,0.323
"2023-03-03 10:52:50",10053,12.49,3.4,0.152,0.07678473,0.275
