"TOA5","CR80049009","CR800","49009","CR800.Std.32.05","CPU:cond practice run.CR8","36611","Practice_cond"
"TIMESTAMP","RECORD","BattV","PTemp_C","Cond","CondNOT","Temp_C"
"TS","RN","Volts","Deg C","mS/cm","mS/cm","Deg C"
"","","Smp","Smp","Smp","Smp","Smp"
"2023-03-03 11:04:44",10410,12.48,3.036,0.152,0.07718584,0.342
"2023-03-03 11:04:46",10411,12.48,3.057,0.152,0.07718584,0.313
"2023-03-03 11:04:48",10412,12.48,3.057,0.152,0.07719585,0.323
"2023-03-03 11:04:50",10413,12.48,3.057,0.152,0.07719585,0.352
"2023-03-03 11:04:52",10414,12.48,3.057,0.152,0.07719585,0.342
"2023-03-03 11:04:54",10415,12.48,3.057,0.152,0.07719585,0.332
"2023-03-03 11:04:56",10416,12.48,3.057,0.152,0.07719585,0.352
"2023-03-03 11:04:58",10417,12.48,3.057,0.152,0.07719585,0.323
"2023-03-03 11:05:00",10418,12.48,3.057,0.152,0.07719585,0.342
"2023-03-03 11:05:02",10419,12.48,3.079,0.152,0.07719585,0.361
"2023-03-03 11:05:04",10420,12.48,3.079,0.153,0.07719585,0.304
"2023-03-03 11:05:06",10421,12.48,3.079,0.152,0.07719585,0.361
"2023-03-03 11:05:08",10422,12.48,3.079,0.153,0.07720596,0.313
"2023-03-03 11:05:10",10423,12.49,3.099,0.152,0.07720596,0.342
"2023-03-03 11:05:12",10424,12.49,3.099,0.152,0.07720596,0.342
"2023-03-03 11:05:14",10425,12.49,3.099,0.152,0.07720596,0.342
"2023-03-03 11:05:16",10426,12.49,3.099,0.152,0.07720596,0.361
"2023-03-03 11:05:18",10427,12.49,3.099,0.152,0.07719585,0.313
"2023-03-03 11:05:20",10428,12.49,3.122,0.153,0.07719585,0.294
"2023-03-03 11:05:22",10429,12.49,3.122,0.152,0.07721597,0.332
"2023-03-03 11:05:24",10430,12.49,3.122,0.152,0.07721597,0.342
"2023-03-03 11:05:26",10431,12.49,3.142,0.152,0.07721597,0.342
"2023-03-03 11:05:28",10432,12.49,3.142,0.152,0.07721597,0.342
"2023-03-03 11:05:30",10433,12.49,3.142,0.152,0.07721597,0.323
"2023-03-03 11:17:20",10434,12.51,3.4,0.151,0.07535021,-0.082
"2023-03-03 11:17:22",10435,12.51,3.4,0.151,0.07535021,-0.102
"2023-03-03 11:17:24",10436,12.51,3.4,0.151,0.07534022,-0.053
"2023-03-03 11:17:26",10437,12.51,3.4,0.151,0.07533023,-0.044
"2023-03-03 11:17:28",10438,12.51,3.377,0.151,0.07533023,-0.053
"2023-03-03 11:17:30",10439,12.51,3.377,0.151,0.07533023,-0.034
"2023-03-03 11:17:32",10440,12.51,3.377,0.151,0.07535021,-0.044
"2023-03-03 11:17:34",10441,12.5,3.357,0.151,0.07533023,-0.005
"2023-03-03 11:17:36",10442,12.5,3.357,0.151,0.07534022,-0.005
"2023-03-03 11:17:38",10443,12.5,3.357,0.151,0.07535021,-0.015
"2023-03-03 11:17:40",10444,12.5,3.357,0.15,0.07536019,0.043
"2023-03-03 11:17:42",10445,12.5,3.357,0.151,0.07535021,0.004
"2023-03-03 11:17:44",10446,12.5,3.334,0.15,0.07535021,0.053
"2023-03-03 11:17:46",10447,12.5,3.334,0.15,0.07524019,0.033
"2023-03-03 11:17:48",10448,12.5,3.314,0.15,0.07532015,0.053
"2023-03-03 11:17:50",10449,12.5,3.314,0.15,0.07531018,0.053
"2023-03-03 11:17:52",10450,12.5,3.314,0.149,0.07501014,0.101
"2023-03-03 11:17:54",10451,12.5,3.314,0.144,0.07235566,0.053
"2023-03-03 11:17:56",10452,12.5,3.292,0.142,0.0714598,0.082
"2023-03-03 11:17:58",10453,12.5,3.271,0.142,0.07127081,0.082
"2023-03-03 11:18:00",10454,12.5,3.271,0.143,0.07178809,0.091
"2023-03-03 11:18:02",10455,12.5,3.249,0.143,0.07211664,0.139
"2023-03-03 11:18:04",10456,12.5,3.249,0.134,0.06734398,0.12
"2023-03-03 11:18:06",10457,12.5,3.249,0.14,0.07017776,0.12
"2023-03-03 11:18:08",10458,12.5,3.249,0.14,0.07039619,0.139
"2023-03-03 11:18:10",10459,12.5,3.228,0.141,0.07087313,0.101
"2023-03-03 11:18:12",10460,12.5,3.228,0.137,0.06886843,0.13
"2023-03-03 11:18:14",10461,12.5,3.228,0.133,0.06674109,0.139
"2023-03-03 11:18:16",10462,12.5,3.206,0.14,0.07042602,0.139
"2023-03-03 11:18:18",10463,12.5,3.206,0.14,0.0706247,0.159
"2023-03-03 11:18:20",10464,12.5,3.206,0.141,0.07086321,0.12
"2023-03-03 11:18:22",10465,12.5,3.206,0.139,0.0700983,0.159
"2023-03-03 11:18:24",10466,12.5,3.185,0.132,0.06623745,0.159
"2023-03-03 11:18:26",10467,12.5,3.165,0.136,0.06824435,0.159
"2023-03-03 11:18:28",10468,12.5,3.122,0.138,0.06973111,0.188
"2023-03-03 11:18:30",10469,12.5,3.099,0.138,0.06956247,0.159
"2023-03-03 11:18:32",10470,12.5,3.099,0.134,0.06753189,0.197
"2023-03-03 11:18:34",10471,12.5,3.099,0.136,0.0687099,0.178
"2023-03-03 11:18:36",10472,12.5,3.099,0.138,0.06946328,0.168
"2023-03-03 11:18:38",10473,12.5,3.079,0.138,0.06958228,0.178
"2023-03-03 11:18:40",10474,12.5,3.079,0.136,0.06879901,0.207
"2023-03-03 11:18:42",10475,12.5,3.079,0.135,0.06809586,0.178
"2023-03-03 11:18:44",10476,12.49,3.057,0.137,0.0689081,0.168
"2023-03-03 11:18:46",10477,12.49,3.014,0.136,0.06848203,0.197
"2023-03-03 11:18:48",10478,12.49,3.014,0.135,0.06822458,0.236
"2023-03-03 11:18:50",10479,12.49,3.014,0.134,0.06763081,0.207
"2023-03-03 11:18:52",10480,12.49,3.014,0.136,0.06855142,0.207
"2023-03-03 11:18:54",10481,12.49,3.014,0.137,0.06926538,0.207
"2023-03-03 11:18:56",10482,12.49,3.014,0.138,0.06938434,0.226
"2023-03-03 11:18:58",10483,12.49,2.993,0.138,0.06946372,0.207
"2023-03-03 11:19:00",10484,12.49,2.993,0.13,0.06562605,0.217
"2023-03-03 11:19:02",10485,12.49,2.971,0.132,0.06655383,0.246
"2023-03-03 11:19:04",10486,12.49,2.971,0.136,0.0686013,0.246
"2023-03-03 11:19:06",10487,12.49,2.971,0.138,0.06947362,0.226
"2023-03-03 11:19:08",10488,12.49,2.971,0.131,0.06614903,0.284
"2023-03-03 11:19:10",10489,12.49,2.971,0.135,0.06836357,0.275
"2023-03-03 11:19:12",10490,12.49,2.95,0.137,0.06927528,0.265
"2023-03-03 11:19:14",10491,12.49,2.95,0.131,0.06626745,0.246
"2023-03-03 11:19:16",10492,12.49,2.95,0.132,0.06652425,0.226
"2023-03-03 11:19:18",10493,12.49,2.95,0.136,0.06871034,0.236
"2023-03-03 11:19:20",10494,12.49,2.93,0.137,0.06915624,0.275
"2023-03-03 11:19:22",10495,12.49,2.93,0.137,0.06908689,0.236
"2023-03-03 11:19:24",10496,12.49,2.93,0.137,0.06928517,0.284
"2023-03-03 11:19:26",10497,12.49,2.907,0.137,0.06901753,0.236
"2023-03-03 11:19:28",10498,12.49,2.907,0.137,0.06944383,0.294
"2023-03-03 11:19:30",10499,12.49,2.887,0.134,0.06746303,0.255
"2023-03-03 11:19:32",10500,12.49,2.887,0.136,0.06864094,0.275
"2023-03-03 11:19:34",10501,12.49,2.865,0.137,0.06910668,0.284
"2023-03-03 11:19:36",10502,12.49,2.844,0.136,0.0688391,0.255
"2023-03-03 11:19:38",10503,12.49,2.844,0.137,0.06932486,0.246
"2023-03-03 11:19:40",10504,12.49,2.844,0.137,0.06905711,0.265
"2023-03-03 11:19:42",10505,12.49,2.844,0.138,0.06954302,0.265
"2023-03-03 11:19:44",10506,12.49,2.844,0.137,0.06946372,0.275
"2023-03-03 11:19:46",10507,12.49,2.844,0.137,0.06935456,0.294
"2023-03-03 11:19:48",10508,12.49,2.822,0.136,0.06904721,0.323
"2023-03-03 11:19:50",10509,12.49,2.822,0.131,0.06605032,0.303
"2023-03-03 11:19:52",10510,12.49,2.801,0.136,0.06869047,0.284
"2023-03-03 11:19:54",10511,12.49,2.801,0.13,0.06582334,0.284
"2023-03-03 11:19:56",10512,12.49,2.801,0.137,0.06919593,0.303
"2023-03-03 11:19:58",10513,12.49,2.801,0.137,0.06942403,0.294
"2023-03-03 11:20:00",10514,12.49,2.801,0.137,0.06905711,0.294
"2023-03-03 11:20:02",10515,12.49,2.801,0.137,0.06937444,0.303
"2023-03-03 11:20:04",10516,12.49,2.801,0.136,0.06897786,0.303
"2023-03-03 11:20:06",10517,12.49,2.801,0.136,0.06903733,0.294
"2023-03-03 11:20:08",10518,12.49,2.779,0.137,0.06963233,0.323
"2023-03-03 11:20:10",10519,12.49,2.779,0.138,0.06965213,0.313
"2023-03-03 11:20:12",10520,12.49,2.779,0.138,0.06979106,0.313
"2023-03-03 11:20:14",10521,12.49,2.779,0.138,0.06982087,0.275
"2023-03-03 11:20:16",10522,12.49,2.736,0.138,0.0699002,0.303
"2023-03-03 11:20:18",10523,12.49,2.736,0.138,0.06988039,0.313
"2023-03-03 11:20:20",10524,12.49,2.736,0.138,0.06988039,0.323
"2023-03-03 11:20:22",10525,12.49,2.736,0.138,0.06992011,0.284
"2023-03-03 11:20:24",10526,12.49,2.736,0.138,0.07001937,0.294
"2023-03-03 11:20:26",10527,12.49,2.715,0.138,0.06998,0.294
"2023-03-03 11:20:28",10528,12.49,2.715,0.138,0.06995018,0.294
"2023-03-03 11:20:30",10529,12.48,2.715,0.138,0.06976169,0.332
"2023-03-03 11:20:32",10530,12.49,2.715,0.138,0.06997009,0.313
"2023-03-03 11:20:34",10531,12.49,2.715,0.138,0.07009908,0.313
"2023-03-03 11:20:36",10532,12.49,2.695,0.138,0.07008917,0.303
"2023-03-03 11:20:38",10533,12.49,2.695,0.138,0.06990056,0.323
"2023-03-03 11:20:40",10534,12.49,2.672,0.138,0.06981131,0.332
"2023-03-03 11:20:42",10535,12.49,2.672,0.137,0.06963267,0.323
"2023-03-03 11:20:44",10536,12.49,2.672,0.138,0.06989065,0.313
"2023-03-03 11:20:46",10537,12.49,2.652,0.138,0.06996009,0.294
"2023-03-03 11:20:48",10538,12.48,2.652,0.138,0.07000981,0.342
"2023-03-03 11:20:50",10539,12.48,2.652,0.138,0.07007926,0.313
"2023-03-03 11:20:52",10540,12.49,2.652,0.138,0.06993036,0.352
"2023-03-03 11:20:54",10541,12.48,2.652,0.138,0.07000981,0.332
"2023-03-03 11:20:56",10542,12.48,2.652,0.138,0.07007926,0.313
"2023-03-03 11:20:58",10543,12.49,2.63,0.139,0.07013881,0.303
"2023-03-03 11:21:00",10544,12.48,2.609,0.139,0.07015862,0.313
"2023-03-03 11:21:02",10545,12.48,2.609,0.139,0.07019836,0.313
"2023-03-03 11:21:04",10546,12.48,2.609,0.139,0.07024802,0.303
"2023-03-03 11:21:06",10547,12.48,2.587,0.138,0.07015862,0.332
"2023-03-03 11:21:08",10548,12.48,2.566,0.139,0.07017855,0.323
"2023-03-03 11:21:10",10549,12.48,2.566,0.139,0.07020836,0.342
"2023-03-03 11:21:12",10550,12.49,2.544,0.138,0.06998,0.352
"2023-03-03 11:21:14",10551,12.48,2.544,0.138,0.07001971,0.313
"2023-03-03 11:21:16",10552,12.48,2.544,0.139,0.07017855,0.323
"2023-03-03 11:21:18",10553,12.48,2.544,0.138,0.0697815,0.323
"2023-03-03 11:21:20",10554,12.48,2.544,0.138,0.07017855,0.352
"2023-03-03 11:21:22",10555,12.48,2.523,0.138,0.0701289,0.332
"2023-03-03 11:21:24",10556,12.48,2.523,0.139,0.07025792,0.342
"2023-03-03 11:21:26",10557,12.48,2.523,0.139,0.07026792,0.323
"2023-03-03 11:21:28",10558,12.48,2.503,0.135,0.06820551,0.294
"2023-03-03 11:21:30",10559,12.48,2.503,0.137,0.06944418,0.371
"2023-03-03 11:21:32",10560,12.48,2.503,0.138,0.06979141,0.352
"2023-03-03 11:21:34",10561,12.48,2.503,0.138,0.06980132,0.342
"2023-03-03 11:21:36",10562,12.48,2.48,0.138,0.07003954,0.332
"2023-03-03 11:21:38",10563,12.48,2.48,0.138,0.06995018,0.323
"2023-03-03 11:21:40",10564,12.48,2.48,0.138,0.07009908,0.332
"2023-03-03 11:21:42",10565,12.48,2.48,0.138,0.07014872,0.361
"2023-03-03 11:21:44",10566,12.48,2.48,0.139,0.07020836,0.323
"2023-03-03 11:21:46",10567,12.48,2.46,0.138,0.06993036,0.352
"2023-03-03 11:21:48",10568,12.48,2.438,0.139,0.07029767,0.323
"2023-03-03 11:21:50",10569,12.48,2.417,0.139,0.07033741,0.342
"2023-03-03 11:21:52",10570,12.48,2.417,0.139,0.07025792,0.313
"2023-03-03 11:21:54",10571,12.48,2.395,0.139,0.07032749,0.303
"2023-03-03 11:21:56",10572,12.48,2.395,0.139,0.07030766,0.323
"2023-03-03 11:21:58",10573,12.48,2.395,0.139,0.07041715,0.332
"2023-03-03 11:22:00",10574,12.48,2.395,0.139,0.0702781,0.304
"2023-03-03 11:22:02",10575,12.48,2.374,0.139,0.07035758,0.361
"2023-03-03 11:22:04",10576,12.48,2.374,0.139,0.07026818,0.313
"2023-03-03 11:22:06",10577,12.48,2.352,0.139,0.07041715,0.352
"2023-03-03 11:22:08",10578,12.48,2.311,0.139,0.07042707,0.352
"2023-03-03 11:22:10",10579,12.48,2.288,0.139,0.07032775,0.313
"2023-03-03 11:22:12",10580,12.48,2.245,0.139,0.070447,0.352
"2023-03-03 11:22:14",10581,12.48,2.225,0.139,0.07043699,0.371
"2023-03-03 11:22:16",10582,12.48,2.225,0.139,0.07042707,0.352
"2023-03-03 11:22:18",10583,12.48,2.245,0.139,0.07035758,0.323
"2023-03-03 11:22:20",10584,12.48,2.245,0.139,0.07043699,0.342
"2023-03-03 11:22:22",10585,12.48,2.225,0.139,0.07043699,0.332
"2023-03-03 11:22:24",10586,12.48,2.225,0.139,0.07037741,0.313
"2023-03-03 11:22:26",10587,12.48,2.245,0.139,0.07032775,0.313
"2023-03-03 11:22:28",10588,12.48,2.245,0.139,0.07038732,0.361
"2023-03-03 11:22:30",10589,12.48,2.268,0.139,0.07040724,0.313
"2023-03-03 11:22:32",10590,12.48,2.268,0.139,0.07047673,0.352
"2023-03-03 11:22:34",10591,12.48,2.268,0.139,0.07046682,0.313
"2023-03-03 11:22:36",10592,12.48,2.268,0.139,0.07039724,0.342
"2023-03-03 11:22:38",10593,12.48,2.245,0.139,0.07050657,0.352
"2023-03-03 11:22:40",10594,12.48,2.203,0.139,0.07046682,0.342
"2023-03-03 11:22:42",10595,12.48,2.203,0.139,0.07046682,0.323
"2023-03-03 11:22:44",10596,12.48,2.203,0.139,0.07051649,0.332
"2023-03-03 11:22:46",10597,12.48,2.203,0.139,0.07055624,0.342
"2023-03-03 11:22:48",10598,12.48,2.203,0.139,0.07054632,0.361
"2023-03-03 11:22:50",10599,12.48,2.203,0.139,0.07055624,0.361
"2023-03-03 11:22:52",10600,12.48,2.182,0.138,0.07016889,0.332
"2023-03-03 11:22:54",10601,12.48,2.182,0.139,0.07047673,0.361
"2023-03-03 11:22:56",10602,12.48,2.182,0.139,0.07047673,0.361
"2023-03-03 11:22:58",10603,12.48,2.162,0.139,0.07055624,0.342
"2023-03-03 11:23:00",10604,12.48,2.139,0.139,0.07059591,0.361
"2023-03-03 11:23:02",10605,12.48,2.139,0.139,0.07059591,0.323
"2023-03-03 11:23:04",10606,12.48,2.162,0.139,0.0705264,0.352
"2023-03-03 11:23:06",10607,12.48,2.162,0.139,0.07047673,0.332
"2023-03-03 11:23:08",10608,12.48,2.162,0.139,0.07059591,0.342
"2023-03-03 11:23:10",10609,12.48,2.162,0.139,0.070586,0.361
"2023-03-03 11:23:12",10610,12.48,2.162,0.139,0.07060591,0.342
"2023-03-03 11:23:14",10611,12.48,2.182,0.139,0.07056616,0.361
"2023-03-03 11:23:16",10612,12.48,2.182,0.14,0.07062574,0.313
"2023-03-03 11:23:18",10613,12.48,2.182,0.139,0.07047673,0.361
"2023-03-03 11:23:20",10614,12.48,2.182,0.139,0.07069526,0.352
"2023-03-03 11:23:22",10615,12.48,2.182,0.139,0.07063567,0.342
"2023-03-03 11:23:24",10616,12.48,2.162,0.139,0.07060591,0.323
"2023-03-03 11:23:26",10617,12.48,2.162,0.139,0.07062574,0.361
"2023-03-03 11:23:28",10618,12.48,2.139,0.139,0.0705264,0.342
"2023-03-03 11:23:30",10619,12.48,2.139,0.139,0.07065576,0.333
"2023-03-03 11:23:32",10620,12.48,2.139,0.139,0.07065576,0.333
"2023-03-03 11:23:34",10621,12.48,2.139,0.138,0.06991098,0.381
"2023-03-03 11:23:36",10622,12.48,2.139,0.138,0.07022871,0.361
"2023-03-03 11:23:38",10623,12.48,2.139,0.139,0.07028828,0.352
"2023-03-03 11:23:40",10624,12.48,2.139,0.139,0.07043725,0.342
"2023-03-03 11:23:42",10625,12.48,2.139,0.139,0.07052667,0.371
"2023-03-03 11:23:44",10626,12.48,2.139,0.139,0.07052667,0.352
"2023-03-03 11:23:46",10627,12.48,2.139,0.139,0.07060608,0.333
"2023-03-03 11:23:48",10628,12.48,2.139,0.139,0.07064585,0.361
"2023-03-03 11:23:50",10629,12.48,2.139,0.134,0.06769136,0.352
"2023-03-03 11:23:52",10630,12.48,2.119,0.138,0.06979193,0.352
"2023-03-03 11:23:54",10631,12.48,2.119,0.138,0.07004005,0.333
"2023-03-03 11:23:56",10632,12.48,2.119,0.138,0.0702187,0.361
"2023-03-03 11:23:58",10633,12.48,2.119,0.138,0.07017906,0.342
"2023-03-03 11:24:00",10634,12.48,2.119,0.139,0.07022871,0.342
"2023-03-03 11:24:02",10635,12.48,2.119,0.139,0.07023862,0.342
"2023-03-03 11:24:04",10636,12.48,2.119,0.139,0.07037767,0.371
"2023-03-03 11:24:06",10637,12.48,2.119,0.139,0.07043725,0.342
"2023-03-03 11:24:08",10638,12.48,2.119,0.139,0.07032802,0.342
"2023-03-03 11:24:10",10639,12.48,2.119,0.139,0.07052667,0.333
"2023-03-03 11:24:12",10640,12.48,2.119,0.14,0.0709042,0.342
"2023-03-03 11:24:14",10641,12.48,2.119,0.14,0.07107326,0.361
"2023-03-03 11:24:16",10642,12.48,2.119,0.141,0.07158045,0.371
"2023-03-03 11:24:18",10643,12.48,2.119,0.168,0.08507346,0.342
"2023-03-03 11:24:20",10644,12.48,2.119,0.195,0.09895821,0.361
"2023-03-03 11:24:22",10645,12.48,2.119,0.223,0.1131976,0.342
"2023-03-03 11:24:24",10646,12.48,2.119,0.225,0.1140219,0.352
"2023-03-03 11:24:26",10647,12.48,2.119,0.29,0.1470296,0.342
"2023-03-03 11:24:28",10648,12.48,2.119,0.272,0.1379143,0.323
"2023-03-03 11:24:30",10649,12.48,2.119,0.307,0.1561493,0.39
"2023-03-03 11:24:32",10650,12.48,2.119,0.31,0.1572692,0.342
"2023-03-03 11:24:34",10651,12.48,2.096,0.322,0.1635732,0.361
"2023-03-03 11:24:36",10652,12.48,2.119,0.328,0.1662916,0.323
"2023-03-03 11:24:38",10653,12.48,2.096,0.33,0.1676545,0.371
"2023-03-03 11:24:40",10654,12.48,2.119,0.321,0.1628951,0.342
"2023-03-03 11:24:42",10655,12.48,2.096,0.327,0.165611,0.323
"2023-03-03 11:24:44",10656,12.48,2.096,0.323,0.1637993,0.352
"2023-03-03 11:24:46",10657,12.48,2.096,0.299,0.1514639,0.342
"2023-03-03 11:24:48",10658,12.48,2.096,0.29,0.1471402,0.381
"2023-03-03 11:24:50",10659,12.48,2.096,0.285,0.1441618,0.333
"2023-03-03 11:24:52",10660,12.48,2.096,0.274,0.1391157,0.371
"2023-03-03 11:24:54",10661,12.47,2.096,0.25,0.1267276,0.361
"2023-03-03 11:24:56",10662,12.48,2.096,0.242,0.122435,0.342
"2023-03-03 11:24:58",10663,12.48,2.096,0.23,0.1169142,0.371
"2023-03-03 11:25:00",10664,12.48,2.096,0.237,0.1202023,0.333
"2023-03-03 11:25:02",10665,12.47,2.096,0.236,0.1194778,0.333
"2023-03-03 11:25:04",10666,12.48,2.076,0.209,0.1057286,0.304
"2023-03-03 11:25:06",10667,12.47,2.076,0.207,0.105081,0.352
"2023-03-03 11:25:08",10668,12.47,2.053,0.199,0.1007824,0.371
"2023-03-03 11:25:10",10669,12.47,2.053,0.188,0.09547927,0.381
"2023-03-03 11:25:12",10670,12.47,2.053,0.185,0.09373076,0.333
"2023-03-03 11:25:14",10671,12.47,2.053,0.185,0.09393623,0.342
"2023-03-03 11:25:16",10672,12.48,2.053,0.185,0.0935151,0.342
"2023-03-03 11:25:18",10673,12.47,2.053,0.168,0.08495194,0.352
"2023-03-03 11:25:20",10674,12.47,2.053,0.167,0.08450573,0.342
"2023-03-03 11:25:22",10675,12.48,2.053,0.167,0.08464769,0.342
"2023-03-03 11:25:24",10676,12.48,2.053,0.163,0.08255196,0.361
"2023-03-03 11:25:26",10677,12.47,2.053,0.162,0.08193563,0.361
"2023-03-03 11:25:28",10678,12.47,2.053,0.158,0.08014019,0.371
"2023-03-03 11:25:30",10679,12.47,2.053,0.155,0.07879162,0.371
"2023-03-03 11:25:32",10680,12.47,2.053,0.153,0.07760634,0.381
"2023-03-03 11:25:34",10681,12.47,2.053,0.154,0.07792754,0.371
"2023-03-03 11:25:36",10682,12.47,2.053,0.154,0.07800792,0.333
"2023-03-03 11:25:38",10683,12.47,2.053,0.154,0.07796773,0.323
"2023-03-03 11:25:40",10684,12.47,2.053,0.151,0.07662341,0.371
"2023-03-03 11:25:42",10685,12.47,2.053,0.151,0.07628271,0.333
"2023-03-03 11:25:44",10686,12.47,2.053,0.15,0.07624263,0.371
"2023-03-03 11:25:46",10687,12.47,2.053,0.15,0.07628271,0.371
"2023-03-03 11:25:48",10688,12.47,2.053,0.151,0.07640299,0.323
"2023-03-03 11:25:50",10689,12.47,2.053,0.149,0.075712,0.342
"2023-03-03 11:25:52",10690,12.48,2.053,0.15,0.07609248,0.381
"2023-03-03 11:25:54",10691,12.47,2.053,0.15,0.07609248,0.361
"2023-03-03 11:25:56",10692,12.47,2.053,0.147,0.07445201,0.361
"2023-03-03 11:25:58",10693,12.47,2.053,0.148,0.07487173,0.352
"2023-03-03 11:26:00",10694,12.47,2.053,0.144,0.07282541,0.342
"2023-03-03 11:26:02",10695,12.47,2.053,0.143,0.0727357,0.41
"2023-03-03 11:26:04",10696,12.47,2.053,0.144,0.07291514,0.361
"2023-03-03 11:26:06",10697,12.47,2.053,0.144,0.07308458,0.39
"2023-03-03 11:26:08",10698,12.47,2.053,0.144,0.07302478,0.352
"2023-03-03 11:26:10",10699,12.47,2.033,0.144,0.07298488,0.323
"2023-03-03 11:26:12",10700,12.47,2.053,0.144,0.07285535,0.361
"2023-03-03 11:26:14",10701,12.47,2.053,0.143,0.07274564,0.361
"2023-03-03 11:26:16",10702,12.47,2.033,0.144,0.07277557,0.333
"2023-03-03 11:26:18",10703,12.47,2.033,0.144,0.07279547,0.352
"2023-03-03 11:26:20",10704,12.47,2.033,0.143,0.07260619,0.361
"2023-03-03 11:26:22",10705,12.47,2.033,0.143,0.07260619,0.323
"2023-03-03 11:26:24",10706,12.47,2.033,0.143,0.07244672,0.352
"2023-03-03 11:26:26",10707,12.47,2.033,0.143,0.07228737,0.352
"2023-03-03 11:26:28",10708,12.47,2.033,0.142,0.07212806,0.352
"2023-03-03 11:26:30",10709,12.47,2.033,0.141,0.07151093,0.333
"2023-03-03 11:26:32",10710,12.47,2.011,0.141,0.07162044,0.342
"2023-03-03 11:26:34",10711,12.47,2.011,0.141,0.07170016,0.352
"2023-03-03 11:26:36",10712,12.47,1.99,0.142,0.0717698,0.333
"2023-03-03 11:26:38",10713,12.47,1.99,0.142,0.0717698,0.342
"2023-03-03 11:26:40",10714,12.47,1.99,0.142,0.07181955,0.362
"2023-03-03 11:26:42",10715,12.47,1.97,0.141,0.07170016,0.381
"2023-03-03 11:26:44",10716,12.47,1.947,0.142,0.07173005,0.333
"2023-03-03 11:26:46",10717,12.47,1.947,0.141,0.07168021,0.381
"2023-03-03 11:26:48",10718,12.47,1.947,0.141,0.07172003,0.362
"2023-03-03 11:26:50",10719,12.47,1.947,0.141,0.07164048,0.333
"2023-03-03 11:26:52",10720,12.47,1.947,0.141,0.07141164,0.371
"2023-03-03 11:26:54",10721,12.47,1.927,0.141,0.07156085,0.362
"2023-03-03 11:26:56",10722,12.47,1.927,0.141,0.07151111,0.362
"2023-03-03 11:26:58",10723,12.47,1.947,0.141,0.07155092,0.333
"2023-03-03 11:27:00",10724,12.47,1.927,0.141,0.07151111,0.371
"2023-03-03 11:27:02",10725,12.47,1.947,0.141,0.07145144,0.371
"2023-03-03 11:27:04",10726,12.47,1.947,0.141,0.07121272,0.333
"2023-03-03 11:27:06",10727,12.47,1.947,0.14,0.0712823,0.371
"2023-03-03 11:27:08",10728,12.47,1.927,0.141,0.07136191,0.323
"2023-03-03 11:27:10",10729,12.47,1.927,0.141,0.07134204,0.352
"2023-03-03 11:27:12",10730,12.47,1.927,0.141,0.07136191,0.371
"2023-03-03 11:27:14",10731,12.47,1.947,0.14,0.0712823,0.381
"2023-03-03 11:27:16",10732,12.47,1.947,0.141,0.07134204,0.342
"2023-03-03 11:27:18",10733,12.47,1.927,0.141,0.0712823,0.342
"2023-03-03 11:27:20",10734,12.47,1.927,0.14,0.0712823,0.371
"2023-03-03 11:27:22",10735,12.47,1.927,0.141,0.07134204,0.323
"2023-03-03 11:27:24",10736,12.47,1.927,0.141,0.07130224,0.333
"2023-03-03 11:27:26",10737,12.47,1.927,0.14,0.07119287,0.371
"2023-03-03 11:27:28",10738,12.47,1.927,0.14,0.07118286,0.333
"2023-03-03 11:27:30",10739,12.47,1.927,0.141,0.07125252,0.342
"2023-03-03 11:27:32",10740,12.47,1.927,0.14,0.07122266,0.352
"2023-03-03 11:27:34",10741,12.47,1.927,0.141,0.07129231,0.362
"2023-03-03 11:27:36",10742,12.47,1.927,0.14,0.07110337,0.39
"2023-03-03 11:27:38",10743,12.47,1.927,0.14,0.07127237,0.371
"2023-03-03 11:27:40",10744,12.47,1.927,0.14,0.07125252,0.371
"2023-03-03 11:27:42",10745,12.47,1.927,0.14,0.07122266,0.352
"2023-03-03 11:27:44",10746,12.47,1.927,0.14,0.07122266,0.362
"2023-03-03 11:27:46",10747,12.47,1.927,0.141,0.07133203,0.381
"2023-03-03 11:27:48",10748,12.47,1.927,0.141,0.0712426,0.352
"2023-03-03 11:27:50",10749,12.47,1.927,0.14,0.07125252,0.362
"2023-03-03 11:27:52",10750,12.47,1.927,0.14,0.07108343,0.352
"2023-03-03 11:27:54",10751,12.47,1.927,0.14,0.0712028,0.381
"2023-03-03 11:27:56",10752,12.47,1.927,0.14,0.07112322,0.371
"2023-03-03 11:27:58",10753,12.47,1.927,0.14,0.0712028,0.362
"2023-03-03 11:28:00",10754,12.47,1.927,0.14,0.07085486,0.381
"2023-03-03 11:28:02",10755,12.47,1.927,0.14,0.07087471,0.381
"2023-03-03 11:28:04",10756,12.47,1.927,0.14,0.07099403,0.342
"2023-03-03 11:28:06",10757,12.47,1.927,0.14,0.07086486,0.362
"2023-03-03 11:28:08",10758,12.47,1.927,0.14,0.07105374,0.352
"2023-03-03 11:28:10",10759,12.47,1.927,0.14,0.07108361,0.371
"2023-03-03 11:28:12",10760,12.47,1.927,0.14,0.07108361,0.362
"2023-03-03 11:28:14",10761,12.47,1.927,0.14,0.07104382,0.4
"2023-03-03 11:28:16",10762,12.47,1.927,0.141,0.0711631,0.323
"2023-03-03 11:28:18",10763,12.47,1.927,0.14,0.0712029,0.362
"2023-03-03 11:28:20",10764,12.47,1.927,0.141,0.07121281,0.342
"2023-03-03 11:28:22",10765,12.47,1.927,0.14,0.0711631,0.371
"2023-03-03 11:28:24",10766,12.47,1.927,0.14,0.07110346,0.352
"2023-03-03 11:28:26",10767,12.47,1.927,0.14,0.07114325,0.381
"2023-03-03 11:28:28",10768,12.47,1.927,0.14,0.07112339,0.391
"2023-03-03 11:28:30",10769,12.47,1.904,0.14,0.07117311,0.333
"2023-03-03 11:28:32",10770,12.47,1.927,0.14,0.07118303,0.371
"2023-03-03 11:28:34",10771,12.47,1.927,0.14,0.0711631,0.371
"2023-03-03 11:28:36",10772,12.47,1.927,0.14,0.0712029,0.391
"2023-03-03 11:28:38",10773,12.47,1.927,0.14,0.0712029,0.352
"2023-03-03 11:28:40",10774,12.47,1.927,0.14,0.07117311,0.371
"2023-03-03 11:28:42",10775,12.47,1.927,0.14,0.07117311,0.362
"2023-03-03 11:28:44",10776,12.47,1.927,0.14,0.07123276,0.362
"2023-03-03 11:28:46",10777,12.47,1.927,0.14,0.07105374,0.342
"2023-03-03 11:28:48",10778,12.47,1.927,0.141,0.07119296,0.333
"2023-03-03 11:28:50",10779,12.47,1.927,0.14,0.07108361,0.381
"2023-03-03 11:28:52",10780,12.47,1.927,0.14,0.07117311,0.362
"2023-03-03 11:28:54",10781,12.47,1.927,0.14,0.07123276,0.352
"2023-03-03 11:28:56",10782,12.47,1.927,0.14,0.0712029,0.352
"2023-03-03 11:28:58",10783,12.47,1.927,0.14,0.07125261,0.362
"2023-03-03 11:29:00",10784,12.47,1.927,0.14,0.07125261,0.381
"2023-03-03 11:29:02",10785,12.47,1.927,0.14,0.07124268,0.371
"2023-03-03 11:29:04",10786,12.47,1.927,0.14,0.07123276,0.362
"2023-03-03 11:29:06",10787,12.47,1.927,0.14,0.07119296,0.342
"2023-03-03 11:29:08",10788,12.47,1.927,0.14,0.07124268,0.381
"2023-03-03 11:29:10",10789,12.47,1.927,0.14,0.07125261,0.4
"2023-03-03 11:29:12",10790,12.47,1.947,0.14,0.07126253,0.381
"2023-03-03 11:29:14",10791,12.47,1.947,0.141,0.07127255,0.342
"2023-03-03 11:29:16",10792,12.47,1.947,0.14,0.07129241,0.391
"2023-03-03 11:29:18",10793,12.47,1.947,0.141,0.07128248,0.362
"2023-03-03 11:29:20",10794,12.47,1.947,0.14,0.07112339,0.371
"2023-03-03 11:29:22",10795,12.47,1.947,0.14,0.07125261,0.381
"2023-03-03 11:29:24",10796,12.47,1.97,0.14,0.07122283,0.381
"2023-03-03 11:29:26",10797,12.47,1.97,0.141,0.07131226,0.342
"2023-03-03 11:29:28",10798,12.47,1.97,0.14,0.07122283,0.362
"2023-03-03 11:29:30",10799,12.47,1.97,0.14,0.07129241,0.419
"2023-03-03 11:29:32",10800,12.47,1.97,0.141,0.07126253,0.352
"2023-03-03 11:29:34",10801,12.47,1.97,0.141,0.07127255,0.342
"2023-03-03 11:29:36",10802,12.47,1.97,0.141,0.07124268,0.352
"2023-03-03 11:29:38",10803,12.47,1.97,0.141,0.07127263,0.342
"2023-03-03 11:29:40",10804,12.47,1.97,0.141,0.07128257,0.352
"2023-03-03 11:29:42",10805,12.47,1.97,0.141,0.07130241,0.362
"2023-03-03 11:29:44",10806,12.47,1.97,0.14,0.07120297,0.371
"2023-03-03 11:29:46",10807,12.47,1.947,0.141,0.07134222,0.371
"2023-03-03 11:29:48",10808,12.47,1.947,0.141,0.07130241,0.342
"2023-03-03 11:29:50",10809,12.47,1.927,0.141,0.07128257,0.362
"2023-03-03 11:29:52",10810,12.47,1.947,0.141,0.07134222,0.333
"2023-03-03 11:29:54",10811,12.47,1.947,0.14,0.07109363,0.371
"2023-03-03 11:29:56",10812,12.47,1.947,0.141,0.0712925,0.352
"2023-03-03 11:29:58",10813,12.47,1.947,0.141,0.07134222,0.342
"2023-03-03 11:30:00",10814,12.47,1.97,0.141,0.07127263,0.362
"2023-03-03 11:30:02",10815,12.47,1.97,0.141,0.07130241,0.362
"2023-03-03 11:30:04",10816,12.47,1.97,0.14,0.07126263,0.381
"2023-03-03 11:30:06",10817,12.47,1.97,0.14,0.07120297,0.381
"2023-03-03 11:30:08",10818,12.47,1.97,0.14,0.0712925,0.391
"2023-03-03 11:30:10",10819,12.47,1.97,0.14,0.07093459,0.362
"2023-03-03 11:30:12",10820,12.47,1.97,0.141,0.07130241,0.371
"2023-03-03 11:30:14",10821,12.47,1.97,0.14,0.07131235,0.4
"2023-03-03 11:30:16",10822,12.47,1.97,0.141,0.07134222,0.352
"2023-03-03 11:30:18",10823,12.47,1.97,0.14,0.07130241,0.381
"2023-03-03 11:30:20",10824,12.47,1.97,0.141,0.07134222,0.381
"2023-03-03 11:30:22",10825,12.47,1.97,0.141,0.07130241,0.371
"2023-03-03 11:30:24",10826,12.47,1.97,0.141,0.07132235,0.342
"2023-03-03 11:30:26",10827,12.47,1.97,0.141,0.07131235,0.352
"2023-03-03 11:30:28",10828,12.47,1.97,0.14,0.07133229,0.391
"2023-03-03 11:30:30",10829,12.47,1.97,0.14,0.0712527,0.391
"2023-03-03 11:30:32",10830,12.47,1.97,0.14,0.07130241,0.4
"2023-03-03 11:30:34",10831,12.47,1.97,0.141,0.07132235,0.362
"2023-03-03 11:30:36",10832,12.47,1.97,0.141,0.07136208,0.362
"2023-03-03 11:30:38",10833,12.47,1.97,0.141,0.07134222,0.381
"2023-03-03 11:30:40",10834,12.47,1.97,0.136,0.06879085,0.333
"2023-03-03 11:30:42",10835,12.47,1.97,0.139,0.07044768,0.391
"2023-03-03 11:30:44",10836,12.47,1.97,0.139,0.07047752,0.381
"2023-03-03 11:30:46",10837,12.47,1.97,0.139,0.07069606,0.391
"2023-03-03 11:30:48",10838,12.47,1.97,0.139,0.07075565,0.371
"2023-03-03 11:30:50",10839,12.47,1.97,0.139,0.07044768,0.371
"2023-03-03 11:30:52",10840,12.47,1.97,0.139,0.07080534,0.391
"2023-03-03 11:30:54",10841,12.47,1.97,0.14,0.07085503,0.371
"2023-03-03 11:30:56",10842,12.47,1.97,0.139,0.07067621,0.352
"2023-03-03 11:30:58",10843,12.47,1.97,0.14,0.07092465,0.362
"2023-03-03 11:31:00",10844,12.47,1.97,0.14,0.07088488,0.352
"2023-03-03 11:31:02",10845,12.47,1.97,0.139,0.07076558,0.371
"2023-03-03 11:31:04",10846,12.47,1.97,0.14,0.07104391,0.391
"2023-03-03 11:31:06",10847,12.47,1.97,0.14,0.07110354,0.381
"2023-03-03 11:31:08",10848,12.47,1.97,0.14,0.07118312,0.381
"2023-03-03 11:31:10",10849,12.47,1.99,0.14,0.07111356,0.371
"2023-03-03 11:31:12",10850,12.47,1.99,0.14,0.07095452,0.381
"2023-03-03 11:31:14",10851,12.47,1.99,0.14,0.07108379,0.352
"2023-03-03 11:31:16",10852,12.47,1.99,0.14,0.07119313,0.371
"2023-03-03 11:31:18",10853,12.47,1.99,0.14,0.07095452,0.362
"2023-03-03 11:31:20",10854,12.47,1.99,0.14,0.07120307,0.381
"2023-03-03 11:31:22",10855,12.47,1.99,0.14,0.07125279,0.41
"2023-03-03 11:31:24",10856,12.47,1.99,0.14,0.07118321,0.381
"2023-03-03 11:31:26",10857,12.47,1.99,0.14,0.07122291,0.4
"2023-03-03 11:31:28",10858,12.47,1.99,0.14,0.07130251,0.391
"2023-03-03 11:31:30",10859,12.47,1.99,0.14,0.07132235,0.391
"2023-03-03 11:31:32",10860,12.47,1.99,0.141,0.07130251,0.371
"2023-03-03 11:31:34",10861,12.47,1.99,0.141,0.07138211,0.352
"2023-03-03 11:31:36",10862,12.47,1.99,0.14,0.07136217,0.4
"2023-03-03 11:31:38",10863,12.47,2.011,0.141,0.0713423,0.371
"2023-03-03 11:31:40",10864,12.47,2.011,0.141,0.07130251,0.362
"2023-03-03 11:31:42",10865,12.47,2.011,0.14,0.07108379,0.362
"2023-03-03 11:31:44",10866,12.47,2.011,0.139,0.07072589,0.391
"2023-03-03 11:31:46",10867,12.47,2.011,0.14,0.07106385,0.352
"2023-03-03 11:31:48",10868,12.47,2.011,0.14,0.07114342,0.371
"2023-03-03 11:31:50",10869,12.47,2.011,0.14,0.07124285,0.362
"2023-03-03 11:31:52",10870,12.47,2.011,0.14,0.07122291,0.362
"2023-03-03 11:31:54",10871,12.47,2.011,0.14,0.07122291,0.4
"2023-03-03 11:31:56",10872,12.47,2.011,0.141,0.07124285,0.352
"2023-03-03 11:31:58",10873,12.47,2.011,0.141,0.07130251,0.342
"2023-03-03 11:32:00",10874,12.47,2.011,0.14,0.07133238,0.4
"2023-03-03 11:32:02",10875,12.47,2.011,0.14,0.07114342,0.362
"2023-03-03 11:32:04",10876,12.47,2.011,0.14,0.07120307,0.371
"2023-03-03 11:32:06",10877,12.47,2.011,0.14,0.07124285,0.391
"2023-03-03 11:32:08",10878,12.47,2.011,0.14,0.07122291,0.352
"2023-03-03 11:32:10",10879,12.47,2.011,0.14,0.07126271,0.4
