"TOA5","CR80049009","CR800","49009","CR800.Std.32.05","CPU:cond practice run.CR8","36611","Practice_cond"
"TIMESTAMP","RECORD","BattV","PTemp_C","Cond","CondNOT","Temp_C"
"TS","RN","Volts","Deg C","mS/cm","mS/cm","Deg C"
"","","Smp","Smp","Smp","Smp","Smp"
"2023-03-03 11:32:30",10889,12.47,2.053,0.141,0.07142182,0.381
"2023-03-03 11:32:32",10890,12.47,2.053,0.141,0.07142182,0.362
"2023-03-03 11:32:34",10891,12.47,2.053,0.141,0.07146163,0.391
"2023-03-03 11:32:36",10892,12.47,2.053,0.141,0.0714517,0.381
"2023-03-03 11:32:38",10893,12.47,2.053,0.141,0.0714517,0.352
"2023-03-03 11:32:40",10894,12.47,2.053,0.141,0.07143185,0.362
"2023-03-03 11:32:42",10895,12.47,2.053,0.141,0.07146172,0.42
"2023-03-03 11:32:44",10896,12.47,2.053,0.141,0.07142191,0.352
"2023-03-03 11:32:46",10897,12.47,2.053,0.141,0.07146172,0.391
"2023-03-03 11:32:48",10898,12.47,2.076,0.139,0.07075582,0.362
"2023-03-03 11:32:50",10899,12.47,2.076,0.14,0.07101423,0.41
"2023-03-03 11:32:52",10900,12.47,2.076,0.14,0.07109371,0.391
"2023-03-03 11:32:54",10901,12.47,2.076,0.14,0.07106393,0.41
"2023-03-03 11:32:56",10902,12.47,2.076,0.14,0.07120314,0.362
"2023-03-03 11:32:58",10903,12.47,2.076,0.14,0.07119313,0.352
"2023-03-03 11:33:00",10904,12.47,2.076,0.14,0.07126279,0.391
"2023-03-03 11:33:02",10905,12.47,2.076,0.14,0.07105401,0.381
"2023-03-03 11:33:04",10906,12.47,2.076,0.141,0.07134239,0.381
"2023-03-03 11:33:06",10907,12.47,2.076,0.14,0.07132245,0.42
"2023-03-03 11:33:08",10908,12.47,2.076,0.14,0.07118321,0.391
"2023-03-03 11:33:10",10909,12.47,2.076,0.141,0.07136224,0.381
"2023-03-03 11:33:12",10910,12.47,2.076,0.14,0.07114351,0.381
"2023-03-03 11:33:14",10911,12.47,2.076,0.141,0.07137218,0.381
"2023-03-03 11:33:16",10912,12.47,2.076,0.14,0.07126279,0.371
"2023-03-03 11:33:18",10913,12.47,2.076,0.14,0.07104408,0.381
"2023-03-03 11:33:20",10914,12.47,2.053,0.14,0.07120314,0.381
"2023-03-03 11:33:22",10915,12.47,2.053,0.14,0.07126279,0.42
"2023-03-03 11:33:24",10916,12.47,2.076,0.139,0.07052727,0.362
"2023-03-03 11:33:26",10917,12.47,2.076,0.138,0.07015985,0.391
"2023-03-03 11:33:28",10918,12.47,2.076,0.139,0.0705471,0.391
"2023-03-03 11:33:30",10919,12.47,2.076,0.14,0.0708552,0.362
"2023-03-03 11:33:32",10920,12.47,2.076,0.14,0.07097445,0.4
"2023-03-03 11:33:34",10921,12.47,2.076,0.14,0.07105401,0.362
"2023-03-03 11:33:36",10922,12.47,2.053,0.14,0.07106393,0.41
"2023-03-03 11:33:38",10923,12.47,2.053,0.14,0.07110372,0.4
"2023-03-03 11:33:40",10924,12.47,2.053,0.14,0.0711335,0.362
"2023-03-03 11:33:42",10925,12.47,2.076,0.14,0.07122301,0.381
"2023-03-03 11:33:44",10926,12.47,2.076,0.14,0.07126279,0.371
"2023-03-03 11:33:46",10927,12.47,2.076,0.14,0.07130259,0.391
"2023-03-03 11:33:48",10928,12.47,2.053,0.14,0.07125287,0.381
"2023-03-03 11:33:50",10929,12.47,2.033,0.14,0.07118321,0.391
"2023-03-03 11:33:52",10930,12.47,2.033,0.14,0.07134239,0.391
"2023-03-03 11:33:54",10931,12.47,2.053,0.14,0.07122301,0.391
"2023-03-03 11:33:56",10932,12.47,2.053,0.14,0.07118321,0.371
"2023-03-03 11:33:58",10933,12.47,2.053,0.14,0.07114351,0.4
"2023-03-03 11:34:00",10934,12.47,2.053,0.141,0.07133238,0.371
"2023-03-03 11:34:02",10935,12.47,2.053,0.141,0.07132245,0.381
"2023-03-03 11:34:04",10936,12.47,2.053,0.141,0.07138211,0.381
"2023-03-03 11:34:06",10937,12.47,2.053,0.141,0.07141198,0.371
"2023-03-03 11:34:08",10938,12.47,2.053,0.141,0.07130259,0.371
"2023-03-03 11:34:10",10939,12.47,2.053,0.141,0.07146172,0.352
"2023-03-03 11:34:12",10940,12.47,2.076,0.141,0.07147165,0.381
"2023-03-03 11:34:14",10941,12.47,2.076,0.141,0.071422,0.381
"2023-03-03 11:34:16",10942,12.47,2.076,0.141,0.07150152,0.381
"2023-03-03 11:34:18",10943,12.47,2.076,0.141,0.07149159,0.391
"2023-03-03 11:34:20",10944,12.47,2.076,0.141,0.07148166,0.391
"2023-03-03 11:34:22",10945,12.47,2.076,0.141,0.07141198,0.391
"2023-03-03 11:34:24",10946,12.47,2.076,0.141,0.07146172,0.381
"2023-03-03 11:34:26",10947,12.47,2.076,0.141,0.07148166,0.42
"2023-03-03 11:34:28",10948,12.47,2.076,0.141,0.07152148,0.4
"2023-03-03 11:34:30",10949,12.47,2.096,0.141,0.07154134,0.41
"2023-03-03 11:34:32",10950,12.47,2.076,0.141,0.07155127,0.391
"2023-03-03 11:34:34",10951,12.47,2.096,0.141,0.07155127,0.352
"2023-03-03 11:34:36",10952,12.47,2.096,0.141,0.07134239,0.371
"2023-03-03 11:34:38",10953,12.47,2.096,0.141,0.07126279,0.352
"2023-03-03 11:34:40",10954,12.47,2.096,0.138,0.07020949,0.4
"2023-03-03 11:34:42",10955,12.47,2.096,0.139,0.07065646,0.371
"2023-03-03 11:34:44",10956,12.47,2.096,0.139,0.07073598,0.4
"2023-03-03 11:34:46",10957,12.47,2.096,0.139,0.07065646,0.41
"2023-03-03 11:34:48",10958,12.47,2.096,0.14,0.07096452,0.4
"2023-03-03 11:34:50",10959,12.47,2.096,0.14,0.07100429,0.371
"2023-03-03 11:34:52",10960,12.47,2.096,0.14,0.07106393,0.391
"2023-03-03 11:34:54",10961,12.47,2.096,0.14,0.07109379,0.381
"2023-03-03 11:34:56",10962,12.47,2.096,0.14,0.07097454,0.371
"2023-03-03 11:34:58",10963,12.47,2.096,0.14,0.07112365,0.41
"2023-03-03 11:35:00",10964,12.47,2.096,0.14,0.07117337,0.4
"2023-03-03 11:35:02",10965,12.47,2.096,0.14,0.0712231,0.41
"2023-03-03 11:35:04",10966,12.47,2.119,0.14,0.07121307,0.371
"2023-03-03 11:35:06",10967,12.47,2.119,0.14,0.07130259,0.381
"2023-03-03 11:35:08",10968,12.47,2.119,0.14,0.07129268,0.381
"2023-03-03 11:35:10",10969,12.47,2.119,0.141,0.07138219,0.4
"2023-03-03 11:35:12",10970,12.47,2.119,0.14,0.07128274,0.371
"2023-03-03 11:35:14",10971,12.47,2.119,0.14,0.07138219,0.41
"2023-03-03 11:35:16",10972,12.47,2.119,0.14,0.07130259,0.4
"2023-03-03 11:35:18",10973,12.47,2.119,0.14,0.07136224,0.4
"2023-03-03 11:35:20",10974,12.47,2.119,0.14,0.07139213,0.42
"2023-03-03 11:35:22",10975,12.47,2.119,0.141,0.071422,0.41
"2023-03-03 11:35:24",10976,12.47,2.119,0.14,0.07120314,0.41
"2023-03-03 11:35:26",10977,12.47,2.119,0.14,0.07131252,0.381
"2023-03-03 11:35:28",10978,12.47,2.119,0.141,0.07138219,0.381
"2023-03-03 11:35:30",10979,12.47,2.139,0.141,0.07146172,0.41
"2023-03-03 11:35:32",10980,12.47,2.119,0.141,0.07146172,0.42
"2023-03-03 11:35:34",10981,12.47,2.119,0.141,0.07151145,0.42
"2023-03-03 11:35:36",10982,12.47,2.139,0.141,0.07147174,0.362
"2023-03-03 11:35:38",10983,12.47,2.139,0.141,0.07150152,0.42
"2023-03-03 11:35:40",10984,12.47,2.139,0.141,0.07156119,0.42
"2023-03-03 11:35:42",10985,12.47,2.139,0.14,0.0712231,0.362
"2023-03-03 11:35:44",10986,12.47,2.139,0.14,0.07121307,0.381
"2023-03-03 11:35:46",10987,12.47,2.139,0.141,0.0714618,0.41
"2023-03-03 11:35:48",10988,12.47,2.139,0.141,0.07149168,0.381
"2023-03-03 11:35:50",10989,12.47,2.139,0.141,0.0714618,0.41
"2023-03-03 11:35:52",10990,12.47,2.139,0.141,0.07156128,0.391
"2023-03-03 11:35:54",10991,12.47,2.139,0.141,0.0715314,0.42
"2023-03-03 11:35:56",10992,12.47,2.139,0.141,0.07157122,0.371
"2023-03-03 11:35:58",10993,12.47,2.139,0.141,0.07147174,0.42
"2023-03-03 11:36:00",10994,12.47,2.139,0.141,0.07156128,0.391
"2023-03-03 11:36:02",10995,12.47,2.139,0.141,0.07155135,0.381
"2023-03-03 11:36:04",10996,12.47,2.119,0.141,0.07162097,0.41
"2023-03-03 11:36:06",10997,12.47,2.119,0.141,0.07174034,0.4
"2023-03-03 11:36:08",10998,12.47,2.119,0.151,0.07678438,0.41
"2023-03-03 11:36:10",10999,12.47,2.139,0.158,0.08010057,0.42
"2023-03-03 11:36:12",11000,12.47,2.139,0.167,0.08466864,0.42
"2023-03-03 11:36:14",11001,12.47,2.139,0.212,0.107875,0.429
"2023-03-03 11:36:16",11002,12.47,2.139,0.246,0.1246008,0.362
"2023-03-03 11:36:18",11003,12.47,2.139,0.253,0.1284423,0.41
"2023-03-03 11:36:20",11004,12.47,2.139,0.274,0.1394429,0.41
"2023-03-03 11:36:22",11005,12.47,2.139,0.28,0.1422919,0.381
"2023-03-03 11:36:24",11006,12.47,2.139,0.334,0.1697026,0.391
"2023-03-03 11:36:26",11007,12.47,2.139,0.343,0.1739329,0.381
"2023-03-03 11:36:28",11008,12.47,2.119,0.344,0.1743916,0.381
"2023-03-03 11:36:30",11009,12.47,2.119,0.343,0.1742768,0.391
"2023-03-03 11:36:32",11010,12.47,2.119,0.324,0.1647035,0.41
"2023-03-03 11:36:34",11011,12.47,2.139,0.321,0.162894,0.4
"2023-03-03 11:36:36",11012,12.47,2.139,0.297,0.1504629,0.371
"2023-03-03 11:36:38",11013,12.47,2.139,0.301,0.1527986,0.41
"2023-03-03 11:36:40",11014,12.47,2.139,0.292,0.1485776,0.41
"2023-03-03 11:36:42",11015,12.47,2.139,0.279,0.1415238,0.371
"2023-03-03 11:36:44",11016,12.47,2.139,0.275,0.1394429,0.391
"2023-03-03 11:36:46",11017,12.47,2.139,0.24,0.1220084,0.371
"2023-03-03 11:36:48",11018,12.47,2.139,0.234,0.1191165,0.42
"2023-03-03 11:36:50",11019,12.47,2.139,0.22,0.1118799,0.391
"2023-03-03 11:36:52",11020,12.47,2.139,0.217,0.110311,0.371
"2023-03-03 11:36:54",11021,12.47,2.139,0.214,0.1086091,0.381
"2023-03-03 11:36:56",11022,12.47,2.139,0.193,0.09806972,0.42
"2023-03-03 11:36:58",11023,12.47,2.139,0.191,0.09670659,0.381
"2023-03-03 11:37:00",11024,12.47,2.139,0.178,0.09014533,0.371
"2023-03-03 11:37:02",11025,12.47,2.139,0.181,0.09194633,0.4
"2023-03-03 11:37:04",11026,12.47,2.139,0.179,0.0910555,0.4
"2023-03-03 11:37:06",11027,12.47,2.162,0.179,0.09071785,0.391
"2023-03-03 11:37:08",11028,12.47,2.139,0.175,0.08893021,0.429
"2023-03-03 11:37:10",11029,12.47,2.139,0.173,0.08791076,0.41
"2023-03-03 11:37:12",11030,12.47,2.162,0.168,0.08511485,0.371
"2023-03-03 11:37:14",11031,12.47,2.162,0.166,0.08450636,0.391
"2023-03-03 11:37:16",11032,12.47,2.162,0.159,0.08090688,0.4
"2023-03-03 11:37:18",11033,12.46,2.162,0.161,0.08162324,0.381
"2023-03-03 11:37:20",11034,12.47,2.162,0.16,0.08112883,0.381
"2023-03-03 11:37:22",11035,12.47,2.139,0.16,0.08116911,0.41
"2023-03-03 11:37:24",11036,12.47,2.139,0.157,0.07982869,0.372
"2023-03-03 11:37:26",11037,12.47,2.139,0.153,0.07771734,0.4
"2023-03-03 11:37:28",11038,12.47,2.096,0.154,0.07835008,0.391
"2023-03-03 11:37:30",11039,12.47,2.053,0.154,0.07806877,0.42
"2023-03-03 11:37:32",11040,12.47,2.033,0.152,0.07725576,0.429
"2023-03-03 11:37:34",11041,12.47,2.053,0.152,0.07735608,0.42
"2023-03-03 11:37:36",11042,12.47,2.033,0.15,0.07601295,0.41
"2023-03-03 11:37:38",11043,12.47,2.053,0.149,0.07586277,0.42
"2023-03-03 11:37:40",11044,12.47,2.053,0.149,0.07549248,0.41
"2023-03-03 11:37:42",11045,12.47,2.053,0.149,0.07560253,0.4
"2023-03-03 11:37:44",11046,12.47,2.033,0.149,0.07547241,0.391
"2023-03-03 11:37:46",11047,12.47,2.011,0.148,0.07531235,0.372
"2023-03-03 11:37:48",11048,12.47,2.011,0.147,0.07491234,0.4
"2023-03-03 11:37:50",11049,12.47,1.97,0.146,0.07434267,0.381
"2023-03-03 11:37:52",11050,12.47,1.97,0.147,0.07449253,0.391
"2023-03-03 11:37:54",11051,12.47,1.947,0.145,0.07402312,0.439
"2023-03-03 11:37:56",11052,12.47,1.97,0.146,0.07394322,0.381
"2023-03-03 11:37:58",11053,12.47,1.99,0.145,0.07359389,0.429
"2023-03-03 11:38:00",11054,12.47,2.011,0.145,0.07362385,0.41
"2023-03-03 11:38:02",11055,12.47,2.011,0.145,0.07346424,0.372
"2023-03-03 11:38:04",11056,12.47,2.011,0.145,0.07345428,0.381
"2023-03-03 11:38:06",11057,12.47,2.011,0.145,0.07349411,0.42
"2023-03-03 11:38:08",11058,12.47,2.033,0.145,0.07348415,0.4
"2023-03-03 11:38:10",11059,12.46,2.033,0.144,0.07339434,0.4
"2023-03-03 11:38:12",11060,12.47,2.033,0.144,0.07289575,0.372
"2023-03-03 11:38:14",11061,12.47,2.053,0.144,0.07300539,0.381
"2023-03-03 11:38:16",11062,12.47,2.053,0.144,0.07292569,0.4
"2023-03-03 11:38:18",11063,12.47,2.053,0.144,0.07307524,0.41
"2023-03-03 11:38:20",11064,12.47,2.076,0.144,0.07299545,0.381
"2023-03-03 11:38:22",11065,12.47,2.076,0.144,0.07299545,0.381
"2023-03-03 11:38:24",11066,12.47,2.096,0.144,0.07303534,0.41
"2023-03-03 11:38:26",11067,12.47,2.096,0.143,0.07286591,0.41
"2023-03-03 11:38:28",11068,12.47,2.096,0.144,0.07289575,0.381
"2023-03-03 11:38:30",11069,12.47,2.096,0.143,0.07268647,0.41
"2023-03-03 11:38:32",11070,12.47,2.096,0.142,0.07242744,0.429
"2023-03-03 11:38:34",11071,12.47,2.096,0.143,0.0727164,0.429
"2023-03-03 11:38:36",11072,12.47,2.096,0.143,0.07280603,0.41
"2023-03-03 11:38:38",11073,12.47,2.096,0.143,0.0726466,0.391
"2023-03-03 11:38:40",11074,12.47,2.096,0.143,0.0726267,0.4
"2023-03-03 11:38:42",11075,12.46,2.096,0.142,0.07244733,0.439
"2023-03-03 11:38:44",11076,12.47,2.096,0.143,0.07258682,0.4
"2023-03-03 11:38:46",11077,12.46,2.096,0.143,0.0724673,0.42
"2023-03-03 11:38:48",11078,12.47,2.076,0.143,0.07249714,0.372
"2023-03-03 11:38:50",11079,12.46,2.076,0.142,0.07240755,0.449
"2023-03-03 11:38:52",11080,12.47,2.096,0.143,0.07251711,0.391
"2023-03-03 11:38:54",11081,12.46,2.096,0.142,0.07241751,0.41
"2023-03-03 11:38:56",11082,12.47,2.096,0.143,0.07249714,0.42
"2023-03-03 11:38:58",11083,12.47,2.096,0.143,0.07255699,0.42
"2023-03-03 11:39:00",11084,12.47,2.096,0.143,0.07244742,0.42
"2023-03-03 11:39:02",11085,12.47,2.119,0.143,0.07248719,0.41
"2023-03-03 11:39:04",11086,12.46,2.119,0.143,0.07245736,0.42
"2023-03-03 11:39:06",11087,12.46,2.119,0.142,0.07241751,0.42
"2023-03-03 11:39:08",11088,12.47,2.119,0.143,0.07240755,0.391
"2023-03-03 11:39:10",11089,12.47,2.119,0.143,0.07243738,0.391
"2023-03-03 11:39:12",11090,12.47,2.139,0.143,0.07248719,0.429
"2023-03-03 11:39:14",11091,12.47,2.139,0.142,0.0721386,0.4
"2023-03-03 11:39:16",11092,12.47,2.139,0.142,0.07211871,0.42
"2023-03-03 11:39:18",11093,12.46,2.139,0.139,0.07043803,0.381
"2023-03-03 11:39:20",11094,12.47,2.139,0.141,0.07151163,0.391
"2023-03-03 11:39:22",11095,12.46,2.139,0.141,0.07178025,0.429
"2023-03-03 11:39:24",11096,12.46,2.139,0.141,0.0717006,0.42
"2023-03-03 11:39:26",11097,12.46,2.139,0.141,0.07189965,0.439
"2023-03-03 11:39:28",11098,12.46,2.139,0.141,0.07189965,0.41
"2023-03-03 11:39:30",11099,12.47,2.139,0.142,0.07208882,0.41
"2023-03-03 11:39:32",11100,12.47,2.162,0.139,0.07059695,0.42
"2023-03-03 11:39:34",11101,12.46,2.162,0.14,0.07121316,0.391
"2023-03-03 11:39:36",11102,12.47,2.162,0.141,0.07155135,0.41
"2023-03-03 11:39:38",11103,12.46,2.162,0.141,0.07174043,0.391
"2023-03-03 11:39:40",11104,12.47,2.162,0.142,0.07191961,0.362
"2023-03-03 11:39:42",11105,12.46,2.162,0.142,0.07196938,0.42
"2023-03-03 11:39:44",11106,12.47,2.162,0.142,0.07208882,0.4
"2023-03-03 11:39:46",11107,12.46,2.182,0.142,0.07204898,0.439
"2023-03-03 11:39:48",11108,12.47,2.162,0.142,0.07199919,0.41
"2023-03-03 11:39:50",11109,12.46,2.182,0.142,0.07214854,0.372
"2023-03-03 11:39:52",11110,12.46,2.182,0.142,0.07206894,0.439
"2023-03-03 11:39:54",11111,12.46,2.182,0.142,0.0721386,0.4
"2023-03-03 11:39:56",11112,12.47,2.182,0.142,0.07206894,0.381
"2023-03-03 11:39:58",11113,12.47,2.182,0.142,0.07188971,0.4
"2023-03-03 11:40:00",11114,12.46,2.182,0.142,0.07217845,0.391
"2023-03-03 11:40:02",11115,12.46,2.203,0.142,0.07207888,0.429
"2023-03-03 11:40:04",11116,12.46,2.203,0.142,0.07206894,0.41
"2023-03-03 11:40:06",11117,12.46,2.203,0.142,0.07215857,0.41
"2023-03-03 11:40:08",11118,12.46,2.203,0.142,0.07218838,0.458
"2023-03-03 11:40:10",11119,12.46,2.203,0.142,0.07216851,0.439
"2023-03-03 11:40:12",11120,12.46,2.203,0.142,0.07223818,0.391
"2023-03-03 11:40:14",11121,12.47,2.225,0.142,0.07226809,0.429
"2023-03-03 11:40:16",11122,12.47,2.225,0.142,0.07231789,0.429
"2023-03-03 11:40:18",11123,12.46,2.225,0.142,0.07223818,0.391
"2023-03-03 11:40:20",11124,12.46,2.225,0.142,0.07223818,0.429
"2023-03-03 11:40:22",11125,12.46,2.225,0.142,0.07222824,0.429
"2023-03-03 11:40:24",11126,12.47,2.225,0.142,0.07227804,0.439
"2023-03-03 11:40:26",11127,12.46,2.225,0.142,0.07233778,0.41
"2023-03-03 11:40:28",11128,12.46,2.245,0.142,0.0719495,0.372
"2023-03-03 11:40:30",11129,12.47,2.245,0.142,0.07230794,0.401
"2023-03-03 11:40:32",11130,12.46,2.245,0.142,0.07231789,0.41
"2023-03-03 11:40:34",11131,12.46,2.245,0.142,0.07231789,0.401
"2023-03-03 11:40:36",11132,12.46,2.245,0.142,0.07230794,0.41
"2023-03-03 11:40:38",11133,12.46,2.245,0.142,0.07233778,0.429
"2023-03-03 11:40:40",11134,12.47,2.245,0.142,0.0723478,0.41
"2023-03-03 11:40:42",11135,12.46,2.245,0.142,0.0723478,0.42
"2023-03-03 11:40:44",11136,12.46,2.268,0.142,0.07231789,0.391
"2023-03-03 11:40:46",11137,12.47,2.268,0.142,0.0723478,0.439
"2023-03-03 11:40:48",11138,12.46,2.268,0.142,0.07231789,0.42
"2023-03-03 11:40:50",11139,12.46,2.268,0.143,0.07240755,0.372
"2023-03-03 11:40:52",11140,12.46,2.268,0.142,0.0723478,0.42
"2023-03-03 11:40:54",11141,12.46,2.268,0.142,0.07236769,0.42
"2023-03-03 11:40:56",11142,12.46,2.268,0.143,0.0724673,0.381
"2023-03-03 11:40:58",11143,12.46,2.268,0.142,0.07241751,0.42
"2023-03-03 11:41:00",11144,12.46,2.268,0.142,0.07238758,0.41
"2023-03-03 11:41:02",11145,12.46,2.268,0.143,0.07245736,0.401
"2023-03-03 11:41:04",11146,12.46,2.288,0.142,0.0723976,0.42
"2023-03-03 11:41:06",11147,12.46,2.288,0.143,0.07253709,0.439
"2023-03-03 11:41:08",11148,12.46,2.288,0.142,0.07233778,0.41
"2023-03-03 11:41:10",11149,12.46,2.288,0.142,0.07245736,0.439
"2023-03-03 11:41:12",11150,12.46,2.288,0.142,0.07238758,0.439
"2023-03-03 11:41:14",11151,12.46,2.288,0.142,0.07253709,0.458
"2023-03-03 11:41:16",11152,12.47,2.311,0.143,0.07249723,0.41
"2023-03-03 11:41:18",11153,12.46,2.311,0.139,0.07060687,0.42
"2023-03-03 11:41:20",11154,12.46,2.311,0.141,0.07179019,0.391
"2023-03-03 11:41:22",11155,12.46,2.311,0.142,0.07199929,0.42
"2023-03-03 11:41:24",11156,12.46,2.311,0.142,0.07215857,0.391
"2023-03-03 11:41:26",11157,12.46,2.331,0.142,0.0721386,0.429
"2023-03-03 11:41:28",11158,12.46,2.331,0.141,0.07168073,0.401
"2023-03-03 11:41:30",11159,12.46,2.331,0.142,0.07199929,0.391
"2023-03-03 11:41:32",11160,12.46,2.331,0.142,0.07199929,0.41
"2023-03-03 11:41:34",11161,12.46,2.352,0.142,0.0722183,0.449
"2023-03-03 11:41:36",11162,12.46,2.352,0.142,0.0722183,0.439
"2023-03-03 11:41:38",11163,12.46,2.352,0.142,0.07218838,0.41
"2023-03-03 11:41:40",11164,12.46,2.352,0.142,0.07233778,0.42
"2023-03-03 11:41:42",11165,12.46,2.352,0.142,0.07237763,0.42
"2023-03-03 11:41:44",11166,12.46,2.352,0.142,0.07242744,0.429
"2023-03-03 11:41:46",11167,12.46,2.374,0.143,0.07245736,0.42
"2023-03-03 11:41:48",11168,12.46,2.374,0.143,0.07249723,0.42
"2023-03-03 11:41:50",11169,12.46,2.374,0.143,0.07252707,0.401
"2023-03-03 11:41:52",11170,12.46,2.374,0.142,0.07249723,0.449
"2023-03-03 11:41:54",11171,12.46,2.374,0.143,0.07256694,0.42
"2023-03-03 11:41:56",11172,12.46,2.395,0.143,0.07258692,0.439
"2023-03-03 11:41:58",11173,12.46,2.395,0.143,0.07258692,0.439
"2023-03-03 11:42:00",11174,12.46,2.395,0.143,0.07266658,0.401
"2023-03-03 11:42:02",11175,12.46,2.395,0.143,0.07258692,0.458
"2023-03-03 11:42:04",11176,12.46,2.395,0.143,0.07257696,0.439
"2023-03-03 11:42:06",11177,12.46,2.395,0.143,0.07262678,0.429
"2023-03-03 11:42:08",11178,12.46,2.395,0.143,0.07265662,0.391
"2023-03-03 11:42:10",11179,12.46,2.395,0.143,0.07257696,0.429
"2023-03-03 11:42:12",11180,12.46,2.395,0.143,0.07268655,0.391
"2023-03-03 11:42:14",11181,12.46,2.395,0.143,0.07264668,0.429
"2023-03-03 11:42:16",11182,12.46,2.395,0.143,0.07265662,0.391
"2023-03-03 11:42:18",11183,12.46,2.417,0.143,0.07274633,0.429
"2023-03-03 11:42:20",11184,12.46,2.417,0.143,0.07268655,0.439
"2023-03-03 11:42:22",11185,12.46,2.417,0.143,0.07268655,0.42
"2023-03-03 11:42:24",11186,12.46,2.417,0.143,0.07268655,0.42
"2023-03-03 11:42:26",11187,12.46,2.417,0.143,0.07272644,0.449
"2023-03-03 11:42:28",11188,12.46,2.417,0.143,0.07276623,0.449
"2023-03-03 11:42:30",11189,12.46,2.417,0.143,0.07276623,0.391
"2023-03-03 11:42:32",11190,12.46,2.417,0.143,0.07280611,0.391
"2023-03-03 11:42:34",11191,12.46,2.417,0.143,0.07265662,0.42
"2023-03-03 11:42:36",11192,12.46,2.417,0.143,0.07272644,0.41
"2023-03-03 11:42:38",11193,12.46,2.417,0.143,0.07276623,0.42
"2023-03-03 11:42:40",11194,12.46,2.395,0.143,0.07281606,0.41
"2023-03-03 11:42:42",11195,12.46,2.395,0.143,0.07278622,0.429
"2023-03-03 11:42:44",11196,12.46,2.395,0.143,0.0728261,0.401
"2023-03-03 11:42:46",11197,12.46,2.395,0.143,0.07276623,0.41
"2023-03-03 11:42:48",11198,12.46,2.395,0.143,0.07264668,0.391
"2023-03-03 11:42:50",11199,12.46,2.395,0.143,0.072846,0.439
"2023-03-03 11:42:52",11200,12.46,2.395,0.143,0.07285596,0.429
"2023-03-03 11:42:54",11201,12.46,2.395,0.143,0.07276623,0.429
"2023-03-03 11:42:56",11202,12.46,2.395,0.143,0.07280611,0.439
"2023-03-03 11:42:58",11203,12.46,2.395,0.143,0.07288589,0.41
"2023-03-03 11:43:00",11204,12.46,2.395,0.143,0.07287594,0.401
"2023-03-03 11:43:02",11205,12.46,2.395,0.143,0.07288589,0.458
"2023-03-03 11:43:04",11206,12.46,2.395,0.143,0.07288589,0.439
"2023-03-03 11:43:06",11207,12.46,2.395,0.143,0.072846,0.429
"2023-03-03 11:43:08",11208,12.46,2.395,0.143,0.0728261,0.429
"2023-03-03 11:43:10",11209,12.46,2.395,0.143,0.07288589,0.42
"2023-03-03 11:43:12",11210,12.46,2.395,0.143,0.07280611,0.439
"2023-03-03 11:43:14",11211,12.46,2.395,0.143,0.07287594,0.439
"2023-03-03 11:43:16",11212,12.46,2.395,0.143,0.07292578,0.42
"2023-03-03 11:43:18",11213,12.46,2.395,0.143,0.07296558,0.449
"2023-03-03 11:43:20",11214,12.46,2.395,0.143,0.07292578,0.429
"2023-03-03 11:43:22",11215,12.46,2.395,0.143,0.07296558,0.449
"2023-03-03 11:43:24",11216,12.46,2.395,0.143,0.0729058,0.449
"2023-03-03 11:43:26",11217,12.46,2.395,0.144,0.07298558,0.42
"2023-03-03 11:43:28",11218,12.46,2.395,0.143,0.07292578,0.439
"2023-03-03 11:43:30",11219,12.46,2.395,0.144,0.07300548,0.41
"2023-03-03 11:43:32",11220,12.46,2.395,0.144,0.07297563,0.42
"2023-03-03 11:43:34",11221,12.46,2.395,0.144,0.07298558,0.429
"2023-03-03 11:43:36",11222,12.46,2.395,0.144,0.07299554,0.41
"2023-03-03 11:43:38",11223,12.46,2.395,0.143,0.07289584,0.41
"2023-03-03 11:43:40",11224,12.46,2.395,0.144,0.07294568,0.41
"2023-03-03 11:43:42",11225,12.46,2.395,0.144,0.07300548,0.401
"2023-03-03 11:43:44",11226,12.46,2.374,0.144,0.07299554,0.41
"2023-03-03 11:43:46",11227,12.46,2.395,0.143,0.07303543,0.449
"2023-03-03 11:43:48",11228,12.46,2.395,0.144,0.07304539,0.42
"2023-03-03 11:43:50",11229,12.46,2.395,0.144,0.07303543,0.429
"2023-03-03 11:43:52",11230,12.46,2.395,0.143,0.07295564,0.429
"2023-03-03 11:43:54",11231,12.46,2.395,0.144,0.07302547,0.429
"2023-03-03 11:43:56",11232,12.46,2.395,0.144,0.07300548,0.41
"2023-03-03 11:43:58",11233,12.46,2.395,0.144,0.07308528,0.401
"2023-03-03 11:44:00",11234,12.46,2.395,0.143,0.07285596,0.41
"2023-03-03 11:44:02",11235,12.46,2.395,0.144,0.07296558,0.41
"2023-03-03 11:44:04",11236,12.46,2.395,0.144,0.07306537,0.439
"2023-03-03 11:44:06",11237,12.46,2.417,0.144,0.07308528,0.439
"2023-03-03 11:44:08",11238,12.46,2.417,0.144,0.07301552,0.401
"2023-03-03 11:44:10",11239,12.46,2.417,0.143,0.07303543,0.449
"2023-03-03 11:44:12",11240,12.46,2.417,0.143,0.07308528,0.468
"2023-03-03 11:44:14",11241,12.46,2.417,0.144,0.07304539,0.439
"2023-03-03 11:44:16",11242,12.46,2.417,0.144,0.07308528,0.42
"2023-03-03 11:44:18",11243,12.46,2.417,0.144,0.07311523,0.42
"2023-03-03 11:44:20",11244,12.46,2.417,0.143,0.07275628,0.449
"2023-03-03 11:44:22",11245,12.46,2.438,0.143,0.07289584,0.458
"2023-03-03 11:44:24",11246,12.46,2.438,0.144,0.07300548,0.429
"2023-03-03 11:44:26",11247,12.46,2.438,0.143,0.07300548,0.439
"2023-03-03 11:44:28",11248,12.46,2.438,0.144,0.07307533,0.458
"2023-03-03 11:44:30",11249,12.46,2.438,0.144,0.07305533,0.401
"2023-03-03 11:44:32",11250,12.46,2.438,0.144,0.07308528,0.439
"2023-03-03 11:44:34",11251,12.46,2.438,0.144,0.07308528,0.42
"2023-03-03 11:44:36",11252,12.46,2.438,0.144,0.07308528,0.439
"2023-03-03 11:44:38",11253,12.46,2.438,0.144,0.07311523,0.429
"2023-03-03 11:44:40",11254,12.46,2.438,0.144,0.07304539,0.429
"2023-03-03 11:44:42",11255,12.46,2.438,0.144,0.07312518,0.439
"2023-03-03 11:44:44",11256,12.46,2.46,0.144,0.07314509,0.439
"2023-03-03 11:44:46",11257,12.46,2.46,0.143,0.07300548,0.458
"2023-03-03 11:44:48",11258,12.46,2.46,0.144,0.07308528,0.458
"2023-03-03 11:44:50",11259,12.46,2.46,0.144,0.07312518,0.449
"2023-03-03 11:44:52",11260,12.46,2.46,0.144,0.07313513,0.458
"2023-03-03 11:44:54",11261,12.46,2.46,0.144,0.07315505,0.42
"2023-03-03 11:44:56",11262,12.46,2.48,0.144,0.07311523,0.429
"2023-03-03 11:44:58",11263,12.46,2.48,0.144,0.07312518,0.449
"2023-03-03 11:45:00",11264,12.46,2.48,0.144,0.07316509,0.43
"2023-03-03 11:45:02",11265,12.46,2.48,0.144,0.07311523,0.449
"2023-03-03 11:45:04",11266,12.46,2.48,0.144,0.07312518,0.468
"2023-03-03 11:45:06",11267,12.46,2.48,0.144,0.07312518,0.458
"2023-03-03 11:45:08",11268,12.46,2.48,0.144,0.07316509,0.439
"2023-03-03 11:45:10",11269,12.46,2.48,0.144,0.07319495,0.439
"2023-03-03 11:45:12",11270,12.46,2.503,0.144,0.07315505,0.468
"2023-03-03 11:45:14",11271,12.46,2.503,0.144,0.07315505,0.468
"2023-03-03 11:45:16",11272,12.46,2.503,0.144,0.07316509,0.43
"2023-03-03 11:45:18",11273,12.46,2.503,0.144,0.07309523,0.468
"2023-03-03 11:45:20",11274,12.46,2.503,0.143,0.07313513,0.487
"2023-03-03 11:45:22",11275,12.46,2.503,0.144,0.073185,0.43
"2023-03-03 11:45:24",11276,12.46,2.503,0.144,0.07320491,0.43
"2023-03-03 11:45:26",11277,12.46,2.503,0.144,0.07321495,0.449
"2023-03-03 11:45:28",11278,12.46,2.523,0.144,0.07319495,0.42
"2023-03-03 11:45:30",11279,12.46,2.523,0.144,0.07309523,0.42
"2023-03-03 11:45:32",11280,12.46,2.523,0.144,0.07316509,0.43
"2023-03-03 11:45:34",11281,12.46,2.523,0.144,0.07316509,0.449
"2023-03-03 11:45:36",11282,12.46,2.523,0.144,0.07308528,0.439
"2023-03-03 11:45:38",11283,12.46,2.523,0.144,0.07323486,0.42
"2023-03-03 11:45:40",11284,12.46,2.523,0.144,0.07317504,0.449
"2023-03-03 11:45:42",11285,12.46,2.544,0.144,0.07323486,0.449
"2023-03-03 11:45:44",11286,12.46,2.544,0.144,0.07321495,0.42
"2023-03-03 11:45:46",11287,12.46,2.544,0.144,0.07322491,0.43
"2023-03-03 11:45:48",11288,12.46,2.544,0.144,0.07321495,0.449
"2023-03-03 11:45:50",11289,12.46,2.544,0.144,0.07325478,0.439
"2023-03-03 11:45:52",11290,12.46,2.544,0.144,0.07320491,0.41
"2023-03-03 11:45:54",11291,12.46,2.544,0.144,0.07319495,0.42
"2023-03-03 11:45:56",11292,12.46,2.566,0.144,0.07321495,0.449
"2023-03-03 11:45:58",11293,12.46,2.566,0.144,0.07320491,0.439
"2023-03-03 11:46:00",11294,12.46,2.566,0.144,0.07316509,0.439
"2023-03-03 11:46:02",11295,12.46,2.566,0.144,0.07323486,0.458
"2023-03-03 11:46:04",11296,12.46,2.566,0.144,0.07320491,0.449
"2023-03-03 11:46:06",11297,12.46,2.566,0.144,0.07323486,0.439
"2023-03-03 11:46:08",11298,12.46,2.566,0.144,0.07323486,0.449
"2023-03-03 11:46:10",11299,12.46,2.566,0.144,0.07323486,0.43
"2023-03-03 11:46:12",11300,12.46,2.566,0.144,0.07324482,0.439
"2023-03-03 11:46:14",11301,12.46,2.566,0.144,0.07324482,0.468
"2023-03-03 11:46:16",11302,12.46,2.587,0.144,0.07327477,0.43
"2023-03-03 11:46:18",11303,12.46,2.587,0.144,0.07332465,0.468
"2023-03-03 11:46:20",11304,12.46,2.587,0.144,0.07322491,0.42
"2023-03-03 11:46:22",11305,12.46,2.587,0.144,0.07324482,0.439
"2023-03-03 11:46:24",11306,12.46,2.587,0.143,0.07283606,0.42
"2023-03-03 11:46:26",11307,12.46,2.587,0.144,0.07312518,0.43
"2023-03-03 11:46:28",11308,12.46,2.587,0.144,0.07320491,0.478
"2023-03-03 11:46:30",11309,12.46,2.587,0.144,0.07324482,0.449
"2023-03-03 11:46:32",11310,12.46,2.609,0.144,0.07324482,0.478
"2023-03-03 11:46:34",11311,12.46,2.587,0.144,0.07324482,0.43
"2023-03-03 11:46:36",11312,12.46,2.609,0.144,0.07327477,0.458
"2023-03-03 11:46:38",11313,12.46,2.609,0.144,0.07325486,0.458
"2023-03-03 11:46:40",11314,12.46,2.609,0.144,0.07328472,0.41
"2023-03-03 11:46:42",11315,12.46,2.609,0.144,0.07328472,0.458
"2023-03-03 11:46:44",11316,12.46,2.609,0.144,0.07331469,0.458
"2023-03-03 11:46:46",11317,12.46,2.609,0.144,0.07328472,0.478
"2023-03-03 11:46:48",11318,12.46,2.609,0.144,0.07331469,0.478
"2023-03-03 11:46:50",11319,12.46,2.609,0.144,0.07327477,0.458
"2023-03-03 11:46:52",11320,12.46,2.609,0.144,0.07332465,0.468
"2023-03-03 11:46:54",11321,12.46,2.609,0.144,0.07331469,0.468
"2023-03-03 11:46:56",11322,12.46,2.609,0.144,0.0733546,0.449
"2023-03-03 11:46:58",11323,12.46,2.609,0.144,0.07331469,0.458
"2023-03-03 11:47:00",11324,12.46,2.609,0.144,0.07332465,0.42
"2023-03-03 11:47:02",11325,12.46,2.609,0.144,0.0733546,0.458
"2023-03-03 11:47:04",11326,12.46,2.609,0.144,0.07332465,0.468
"2023-03-03 11:47:06",11327,12.46,2.609,0.144,0.0733546,0.468
"2023-03-03 11:47:08",11328,12.46,2.63,0.144,0.07324482,0.449
"2023-03-03 11:47:10",11329,12.46,2.63,0.144,0.07336456,0.43
"2023-03-03 11:47:12",11330,12.46,2.63,0.144,0.07339443,0.439
"2023-03-03 11:47:14",11331,12.46,2.63,0.144,0.07340448,0.42
"2023-03-03 11:47:16",11332,12.46,2.63,0.144,0.07342439,0.458
"2023-03-03 11:47:18",11333,12.46,2.63,0.144,0.07339443,0.487
"2023-03-03 11:47:20",11334,12.46,2.63,0.144,0.07340448,0.439
"2023-03-03 11:47:22",11335,12.46,2.652,0.144,0.07347427,0.439
"2023-03-03 11:47:24",11336,12.46,2.672,0.144,0.07340448,0.458
"2023-03-03 11:47:26",11337,12.46,2.672,0.144,0.07336456,0.468
"2023-03-03 11:47:28",11338,12.46,2.672,0.145,0.07352416,0.43
"2023-03-03 11:47:30",11339,12.46,2.672,0.144,0.07348423,0.449
"2023-03-03 11:47:32",11340,12.46,2.672,0.144,0.07343435,0.42
"2023-03-03 11:47:34",11341,12.46,2.672,0.144,0.07348423,0.439
"2023-03-03 11:47:36",11342,12.46,2.672,0.144,0.07349419,0.478
"2023-03-03 11:47:38",11343,12.46,2.672,0.145,0.07352416,0.439
"2023-03-03 11:47:40",11344,12.46,2.672,0.144,0.07353412,0.468
"2023-03-03 11:47:42",11345,12.45,2.672,0.144,0.07351421,0.449
"2023-03-03 11:47:44",11346,12.46,2.672,0.144,0.07355413,0.468
"2023-03-03 11:47:46",11347,12.46,2.672,0.144,0.07351421,0.449
"2023-03-03 11:47:48",11348,12.46,2.672,0.145,0.0736339,0.468
"2023-03-03 11:47:50",11349,12.46,2.695,0.145,0.07361399,0.468
"2023-03-03 11:47:52",11350,12.46,2.695,0.145,0.07364386,0.458
"2023-03-03 11:47:54",11351,12.46,2.695,0.145,0.07379356,0.468
"2023-03-03 11:47:56",11352,12.46,2.695,0.145,0.07378361,0.43
"2023-03-03 11:47:58",11353,12.46,2.695,0.145,0.07379356,0.458
"2023-03-03 11:48:00",11354,12.45,2.695,0.145,0.07382355,0.468
"2023-03-03 11:48:02",11355,12.46,2.695,0.145,0.07372373,0.449
"2023-03-03 11:48:04",11356,12.46,2.695,0.145,0.07371377,0.449
"2023-03-03 11:48:06",11357,12.46,2.695,0.145,0.07382355,0.43
"2023-03-03 11:48:08",11358,12.46,2.695,0.145,0.07383351,0.468
"2023-03-03 11:48:10",11359,12.46,2.695,0.145,0.07382355,0.468
"2023-03-03 11:48:12",11360,12.46,2.695,0.145,0.07384356,0.42
"2023-03-03 11:48:14",11361,12.45,2.695,0.145,0.07388343,0.458
"2023-03-03 11:48:16",11362,12.46,2.695,0.145,0.07390344,0.43
"2023-03-03 11:48:18",11363,12.46,2.695,0.145,0.07390344,0.42
"2023-03-03 11:48:20",11364,12.46,2.695,0.145,0.0739434,0.478
"2023-03-03 11:48:22",11365,12.46,2.695,0.145,0.0739134,0.449
"2023-03-03 11:48:24",11366,12.46,2.695,0.145,0.07393333,0.43
"2023-03-03 11:48:26",11367,12.46,2.695,0.145,0.0739733,0.449
"2023-03-03 11:48:28",11368,12.46,2.695,0.145,0.07402322,0.458
"2023-03-03 11:48:30",11369,12.45,2.672,0.145,0.07402322,0.439
"2023-03-03 11:48:32",11370,12.46,2.695,0.145,0.07402322,0.449
"2023-03-03 11:48:34",11371,12.46,2.652,0.145,0.07401324,0.478
"2023-03-03 11:48:36",11372,12.46,2.652,0.145,0.07406317,0.468
"2023-03-03 11:48:38",11373,12.46,2.652,0.145,0.07406317,0.478
"2023-03-03 11:48:40",11374,12.46,2.652,0.145,0.07406317,0.487
"2023-03-03 11:48:42",11375,12.46,2.652,0.145,0.07410312,0.468
"2023-03-03 11:48:44",11376,12.46,2.652,0.146,0.07410312,0.43
"2023-03-03 11:48:46",11377,12.46,2.652,0.146,0.07410312,0.439
"2023-03-03 11:48:48",11378,12.46,2.652,0.146,0.07414309,0.458
"2023-03-03 11:48:50",11379,12.45,2.652,0.144,0.07315513,0.458
"2023-03-03 11:48:52",11380,12.46,2.652,0.145,0.07360402,0.439
"2023-03-03 11:48:54",11381,12.45,2.652,0.145,0.07376368,0.468
"2023-03-03 11:48:56",11382,12.46,2.652,0.145,0.07388343,0.478
"2023-03-03 11:48:58",11383,12.46,2.652,0.145,0.07398326,0.497
"2023-03-03 11:49:00",11384,12.46,2.652,0.145,0.07403318,0.478
"2023-03-03 11:49:02",11385,12.46,2.652,0.145,0.07409316,0.487
"2023-03-03 11:49:04",11386,12.46,2.652,0.146,0.07409316,0.41
"2023-03-03 11:49:06",11387,12.45,2.652,0.146,0.07414309,0.478
"2023-03-03 11:49:08",11388,12.46,2.652,0.146,0.07414309,0.439
"2023-03-03 11:49:10",11389,12.45,2.63,0.146,0.07419302,0.449
"2023-03-03 11:49:12",11390,12.46,2.63,0.145,0.07406317,0.478
"2023-03-03 11:49:14",11391,12.45,2.63,0.145,0.07358401,0.458
"2023-03-03 11:49:16",11392,12.45,2.63,0.145,0.0739733,0.43
"2023-03-03 11:49:18",11393,12.46,2.63,0.145,0.0740532,0.478
"2023-03-03 11:49:20",11394,12.46,2.63,0.146,0.07412306,0.458
"2023-03-03 11:49:22",11395,12.46,2.63,0.146,0.07414309,0.449
"2023-03-03 11:49:24",11396,12.46,2.63,0.146,0.07418296,0.449
"2023-03-03 11:49:26",11397,12.45,2.63,0.146,0.07420299,0.478
"2023-03-03 11:49:28",11398,12.46,2.63,0.146,0.0742629,0.43
"2023-03-03 11:49:30",11399,12.46,2.609,0.146,0.0742629,0.487
"2023-03-03 11:49:32",11400,12.46,2.609,0.146,0.07430287,0.478
"2023-03-03 11:49:34",11401,12.45,2.609,0.146,0.07430287,0.497
"2023-03-03 11:49:36",11402,12.46,2.609,0.146,0.07433278,0.478
"2023-03-03 11:49:38",11403,12.46,2.609,0.146,0.07430287,0.478
"2023-03-03 11:49:40",11404,12.46,2.609,0.146,0.07435282,0.468
"2023-03-03 11:49:42",11405,12.45,2.609,0.146,0.07434285,0.468
"2023-03-03 11:49:44",11406,12.46,2.63,0.146,0.07438282,0.43
